timestamp,emg1,emg2,emg3,emg4,emg5,emg6,emg7,emg8
610101570521,11,6,11,-1,-1,-1,12,7
610101570521,7,11,5,2,-2,0,1,1
610101571297,1,3,0,2,21,20,3,-2
610101571297,3,1,3,-21,-11,-9,4,5
610101572113,4,8,0,-11,0,-6,2,3
610101572113,-15,-9,-15,8,9,8,-10,-10
610101572893,-14,-17,-18,-5,-8,-2,-12,-7
610101572893,-11,-19,-14,7,-14,-2,-10,-13
610101583663,-5,-4,-3,-41,-2,-11,-3,-7
610101583663,5,8,2,19,6,15,0,2
610101592923,6,11,8,-6,-12,-11,5,6
610101592923,0,1,-2,5,11,9,3,2
610101598473,2,10,4,10,9,3,6,1
610101598473,2,-5,5,29,-4,8,3,-1
610101614225,2,6,3,-21,-9,-17,7,2
610101614225,-5,5,-3,3,11,6,-2,-1
610101622181,-11,-21,-12,5,-11,3,-11,-6
610101622181,1,-17,-13,-15,-31,-22,-7,-6
610101628513,-1,1,0,-34,-6,-18,2,-2
610101628513,6,0,4,18,1,7,1,2
610101643794,3,1,8,-4,-6,-4,4,3
610101643794,-5,0,-2,-11,8,3,3,-2
610101652152,-3,-3,-3,37,28,43,-4,-5
610101652152,0,1,-3,-14,-14,-12,0,0
610101691793,15,19,12,-4,14,-1,9,10
610101691793,-1,-4,1,44,3,17,-3,-4
610101692626,3,6,5,15,4,7,2,4
610101692626,2,9,5,0,0,1,2,-1
610101693416,-12,-9,-9,6,-1,3,-4,-6
610101693416,-11,-15,-15,-4,-6,1,-15,-10
610101696534,-4,-3,-10,-48,-8,-20,-5,-2
610101696534,1,2,6,13,12,11,6,1
610101703357,2,6,5,8,2,4,-3,1
610101703357,14,5,11,-3,0,-2,13,8
610101711492,2,15,7,16,37,26,4,2
610101711492,1,-3,-2,-8,-7,-7,0,2
610101718472,2,1,-2,-5,-5,-2,1,-4
610101718472,-6,3,2,-7,1,-3,2,3
610101734229,-12,-17,-14,10,-11,5,-10,-9
610101734229,-1,-5,-4,-33,-27,-43,-5,-3
610101740904,0,4,1,26,15,15,-1,0
610101740904,4,12,7,2,7,3,2,3
610101748553,7,8,12,8,-7,-4,7,1
610101748553,0,18,9,1,19,10,7,7
610101763403,-6,-17,-12,49,0,19,-6,-6
610101763403,-1,7,2,-40,-9,-25,2,2
610101771694,-3,0,-1,0,-6,-5,-4,2
610101771694,-9,-20,-14,10,2,12,-13,-11
610101778341,-2,-10,-8,-29,-38,-33,-4,-5
610101778341,6,9,6,-13,20,3,5,7
610101794005,3,5,1,24,6,12,1,0
610101794005,-4,9,5,9,7,10,-3,2
610101800887,1,19,9,-7,20,1,8,4
610101800887,-4,-4,-5,35,37,35,5,-4
610101808381,-4,-10,-8,4,-22,-6,-8,-5
610101808381,0,-1,3,-21,-6,-12,-1,3
610101823298,-1,-2,0,-11,-4,-1,2,-1
610101823298,-12,-19,-14,0,-17,-5,-12,-12
610101831498,4,0,3,-44,-13,-38,1,-2
610101831498,7,13,9,25,31,30,8,6
610101838346,2,2,3,21,11,16,4,4
610101838346,1,13,7,3,3,3,0,3
610101876538,1,12,9,9,13,8,8,4
610101876538,-6,-4,-6,37,21,39,-2,0
610101884813,-4,-4,-9,-29,-32,-26,-7,-3
610101884813,4,2,2,-6,-3,-3,-2,-1
610101891530,-2,-2,-2,1,0,2,-5,2
610101891530,3,-4,-5,-11,-39,-35,-3,-4
610101898311,5,5,7,-9,15,7,3,7
610101898311,6,4,4,45,19,29,6,3
610101906500,3,2,0,12,2,11,7,3
610101906500,-9,-24,-20,9,-9,6,-15,-13
610101907258,-8,-18,-9,11,-5,-5,-12,-9
610101907258,-12,-22,-15,-17,-17,-18,-13,-10
610101922195,-18,-20,-22,8,-2,8,-11,-13
610101922195,-4,-6,-5,2,-1,-3,-4,-2
610101923777,2,2,0,-11,2,-9,9,4
610101923777,-7,-17,-12,-7,-15,-15,-5,-1
610101944648,-6,-14,1,8,-5,-4,0,-4
610101944648,-18,-6,-28,-5,1,-1,-9,-12
610101946269,-18,-41,-14,-5,-12,9,-16,-15
610101946269,-6,22,-2,6,-1,-1,5,4
610101958365,-1,-12,3,2,-5,0,3,5
610101958365,2,12,-7,-4,-4,-22,3,0
610101967385,-8,-17,11,7,-6,-5,-5,-3
610101967385,-7,-10,-39,15,-26,-25,-11,-9
610101974000,-15,-34,8,5,7,11,-11,-12
610101974000,-1,23,-27,3,-6,2,2,-1
610101980843,-8,-49,12,-15,-11,-9,-2,-4
610101980843,-4,8,-2,-20,-15,-11,-2,-3
610101996503,-2,22,-19,-8,-7,-12,2,2
610101996503,5,-54,32,16,-4,-15,5,4
610102003334,-3,19,-15,-29,-8,-2,-3,0
610102003334,5,9,-7,-4,-11,-4,12,8
610102011479,-8,-66,5,-64,-46,-31,-11,-7
610102011479,-5,13,7,-1,21,34,-2,-1
610102018338,4,70,-21,43,-8,-9,11,4
610102018338,-10,-49,32,6,-5,-3,-5,-4
610102034183,-1,48,-38,16,-13,-2,-5,-4
610102034183,10,-23,17,-40,-13,-38,4,6
610102040995,3,22,2,-11,14,9,4,3
610102040995,1,3,0,2,5,16,3,4
610102057044,4,12,4,26,14,9,0,1
610102057044,-3,9,7,2,22,17,1,-1
610102063532,1,-14,-19,2,-23,-9,-5,-5
610102063532,4,-3,10,-23,-9,-16,3,1
610102071586,4,3,-2,-1,-1,0,1,1
610102071586,-1,-2,-6,10,-9,-3,5,0
610102078532,-1,-15,3,-20,-27,-24,-7,3
610102078532,3,18,0,30,28,34,4,2
610102094208,4,-7,13,33,11,12,7,3
610102094208,2,21,-2,2,-2,9,1,-2
610102101049,2,-3,5,10,12,10,3,1
610102101049,-5,-10,-7,42,-3,10,-9,-7
610102116598,3,14,-2,-11,-3,-12,1,2
610102116598,-5,-9,4,2,-9,-2,-1,-1
610102123374,-3,-3,-3,-1,4,1,-4,-4
610102123374,1,-5,-2,-7,-18,-8,-4,-2
610102131733,2,-2,8,-42,-2,-12,2,5
610102131733,1,6,-7,42,11,27,0,4
610102138525,4,2,8,15,3,6,5,2
610102138525,0,6,-2,-15,1,-5,0,-1
610102154990,-10,-4,-7,9,17,7,-3,-5
610102154990,0,-10,-4,12,-15,-7,-7,-5
610102161085,6,7,4,-2,6,-1,5,7
610102161085,-3,-1,-4,-11,-5,-8,-5,-2
610102177447,-5,-5,-7,4,-3,1,-5,-4
610102177447,-4,-3,-3,-28,-27,-40,-3,-5
610102183516,3,2,6,27,31,25,2,5
610102183516,1,-1,-6,4,-5,-2,1,2
610102192351,-2,1,3,7,-3,-2,-3,-2
610102192351,10,17,10,-9,13,-2,10,8
610102198377,6,7,5,49,21,28,5,3
610102198377,-5,1,3,-30,-14,-24,-4,-1
610102214903,-6,0,6,10,3,4,4,-2
610102214903,-5,-5,-3,-5,-1,2,-2,-4
610102220822,-11,-21,-22,-11,-36,-27,-12,-11
610102220822,-6,-9,-5,-53,-12,-26,-3,-8
610102237453,9,5,3,31,11,20,5,4
610102237453,4,5,-3,-8,-9,-3,3,2
610102243421,-4,-3,-1,-13,-2,-6,-1,2
610102243421,4,7,5,3,27,15,3,1
610102252419,4,9,0,44,10,16,5,5
610102252419,-5,5,3,-7,-6,-8,-1,-2
610102258401,-4,4,4,-6,5,-1,-2,-2
610102258401,-1,-10,-6,11,-5,4,-1,0
610102274987,-2,-2,-8,-24,-26,-33,-6,-4
610102274987,0,2,7,45,23,29,0,5
610102280883,3,8,5,-8,-3,-7,3,0
610102280883,0,12,5,0,-8,-3,0,4
610102303967,-7,-5,-4,-14,6,0,-6,-8
610102303967,0,-6,-3,20,-10,1,0,1
610102304800,3,4,1,-34,-9,-21,1,-1
610102304800,-5,-2,0,18,2,7,1,-6
610102312333,-4,-11,-6,-5,-9,1,-5,-4
610102312333,2,-3,-5,-25,-25,-30,-3,1
610102325931,-2,1,1,-38,5,-10,-1,-2
610102325931,4,2,6,31,12,15,4,4
610102334896,3,11,7,-8,-3,-7,4,5
610102334896,-1,4,2,-14,0,2,1,-2
610102340860,-5,-2,-2,17,13,27,-5,-3
610102340860,2,-2,-5,21,-10,0,-2,0
610102357323,0,3,2,-35,-15,-26,1,2
610102357323,-5,-5,-3,6,3,7,-1,-1
610102363285,-3,-10,-4,10,-18,-6,-5,-2
610102363285,4,8,2,-54,-16,-27,1,-4
610102372322,5,7,7,8,13,11,2,5
610102372322,0,11,8,3,3,6,6,3
610102385842,5,4,4,4,3,2,7,6
610102385842,-1,1,-6,-5,29,14,1,1
610102394818,-5,-3,0,-8,-24,-17,-1,-3
610102394818,-2,0,-1,-11,-1,-2,-2,-5
610102400828,-1,-4,-4,-2,-7,-6,-6,-1
610102400828,-9,-13,-11,4,-4,1,-10,-4
610102439709,4,5,6,-16,11,3,5,7
610102439709,-1,-1,1,18,13,19,-3,1
610102441308,3,8,3,5,1,2,3,3
610102441308,-4,-8,-5,0,-4,-5,-5,-6
610102454710,-4,2,0,22,30,37,1,1
610102454710,-2,-2,-3,-26,-20,-21,-6,-5
610102456317,0,11,3,1,10,6,3,2
610102456317,-4,0,-1,4,-3,-1,-4,-2
610102469055,-1,-5,-4,10,-14,2,-1,-3
610102469055,-1,-6,-5,-9,-25,-15,-8,-3
610102469826,6,18,11,8,2,6,7,6
610102469826,10,23,23,-4,35,18,11,9
610102483972,7,19,15,27,49,47,11,7
610102483972,9,20,15,0,22,14,13,10
610102484742,7,11,10,-15,32,26,5,4
610102484742,12,18,13,33,27,37,9,10
610102506526,9,17,11,-2,5,0,5,3
610102506526,3,-2,8,2,32,33,5,4
610102507309,-2,2,-1,-24,-17,-21,0,-5
610102507309,9,13,3,-4,0,2,5,8
610102521466,6,-21,9,-30,7,-17,-3,2
610102521466,11,35,-5,-12,-6,-8,3,3
610102522263,2,-19,19,-8,-4,-6,3,5
610102522263,7,48,-5,-13,-3,-3,6,5
610102537315,6,-36,10,-17,-12,-30,-2,-4
610102537315,6,28,0,10,26,35,6,7
610102543479,5,25,6,4,16,15,2,3
610102543479,-3,-46,15,-55,-14,19,-6,-1
610102552313,3,56,-14,-7,1,14,6,5
610102552313,-4,-24,6,-11,12,5,-4,-6
610102565857,1,-27,-4,-52,-2,35,-3,0
610102565857,8,33,0,-8,-2,-6,5,8
610102574858,3,-17,7,7,22,34,2,3
610102574858,3,-47,10,-60,-22,-14,-4,-1
610102580939,6,50,-19,4,-3,8,3,1
610102580939,-8,-41,6,7,-9,-1,-10,-7
610102597320,-9,-24,-15,-57,-54,-31,-13,-11
610102597320,8,26,-2,48,23,5,6,4
610102603361,0,-15,4,5,-2,-9,2,-1
610102603361,-2,-16,0,-11,-7,-8,2,1
610102612324,-1,20,-1,67,15,16,3,1
610102612324,-7,-18,-1,-17,-13,4,-3,-4
610102625849,-1,5,-1,-6,2,-9,-1,2
610102625849,-10,-16,-7,3,3,-3,-3,-8
610102634933,-4,-15,-6,-16,-14,11,-6,-4
610102634933,3,6,-2,-5,7,0,2,4
610102640992,2,-21,7,24,18,22,5,-3
610102640992,9,13,4,2,-8,-6,7,4
610102657429,9,4,10,-2,3,-8,6,5
610102657429,-2,-4,-1,-5,8,21,-6,-3
610102663453,-1,-5,-5,-9,-27,-21,-3,-1
610102663453,-3,-5,0,-7,-5,-4,-3,-3
610102678578,-5,10,-3,-6,8,2,1,-4
610102678578,-3,-12,-10,1,-33,-24,-10,-3
610102686069,-2,-1,1,-44,-5,-20,-1,-3
610102686069,3,11,0,17,10,15,4,-1
610102701685,3,3,4,-6,6,5,-2,0
610102701685,-1,11,2,-6,-2,-9,3,3
610102702342,-2,-7,-2,40,29,38,-3,-3
610102702342,-2,-4,-4,-7,-23,-20,-4,1
610102717448,0,3,0,0,2,-2,0,1
610102717448,-5,-13,-6,-4,-2,-3,-4,-5
610102723404,-5,-15,-9,12,-26,-14,-9,-9
610102723404,8,10,8,0,19,15,10,7
610102738566,3,6,3,15,1,15,-1,3
610102738566,0,7,3,-3,2,0,2,4
610102745899,-2,-14,-10,2,-5,4,-6,-4
610102745899,-3,-4,-4,45,2,18,-5,-6
610102761723,-3,-4,-2,-27,-21,-26,-4,-1
610102761723,-6,-2,1,6,8,10,7,-2
610102762295,-8,-4,-3,3,8,-1,2,-5
610102762295,3,3,2,-1,0,-16,1,1
610102777407,3,6,5,-4,12,4,1,6
610102777407,4,5,5,4,-2,-2,1,2
610102783433,7,4,11,-8,-5,-4,3,7
610102783433,0,5,-1,-16,4,-8,1,2
610102798543,0,-5,-1,-6,-13,-20,5,1
610102798543,2,7,1,-30,-12,-22,-2,-2
610102805899,0,-1,4,9,1,3,1,2
610102805899,-8,-10,-7,-7,-2,5,-7,-7
610102821523,1,-6,-5,-5,-25,-20,-5,-8
610102821523,1,-1,0,5,13,6,0,-4
610102822292,3,9,6,24,14,13,4,5
610102822292,4,6,4,-8,-5,-5,3,4
610102837342,0,5,7,-1,-2,4,3,4
610102837342,-2,-1,-2,3,25,15,0,-1
610102843364,6,6,7,-11,-7,-11,3,0
610102843364,0,-1,0,-12,-1,-9,0,0
610102858347,-8,-3,-8,10,9,10,-4,-4
610102858347,-4,-15,-10,-6,-33,-20,-8,-3
610102865834,1,6,2,4,13,12,2,2
610102865834,0,-5,0,17,1,13,-1,0
610102881535,4,4,0,0,6,4,-2,5
610102881535,4,6,4,8,-6,1,6,2
610102882288,2,-1,-3,10,16,22,-3,5
610102882288,1,1,3,-33,-23,-15,2,0
610102897367,3,5,6,8,16,12,6,1
610102897367,-2,-5,-8,0,6,2,-8,-3
610102903380,-7,-17,-12,8,-21,-4,-10,-7
610102903380,1,-1,-4,-32,-14,-30,-1,-2
610102918416,1,-10,1,18,2,13,-3,0
610102918416,1,0,2,-9,-11,-7,1,3
610102925931,-1,5,0,-8,-8,-15,2,0
610102925931,-4,-7,-4,32,19,38,1,-6
610102941535,0,0,-1,-12,-2,-8,-2,-4
610102941535,-1,-3,6,9,6,8,4,0
610102942338,-6,-13,-10,3,-13,-11,-11,-6
610102942338,1,-1,-1,-33,5,-17,-4,3
610102957373,-1,2,0,2,11,9,2,2
610102957373,4,1,6,19,11,13,-1,1
610102963341,3,9,3,-11,4,-4,5,3
610102963341,3,8,8,-2,11,0,1,1
610103000934,0,-7,-5,21,-11,-7,-7,-5
610103000934,-1,8,1,-13,-6,-10,-1,3
610103009895,-4,-3,3,-9,-4,-8,3,-2
610103009895,-6,-14,-6,8,-3,3,-6,-7
610103024750,2,2,4,-57,3,-20,0,3
610103024750,2,-4,2,25,19,21,1,-2
610103026305,4,5,2,-1,0,-3,5,3
610103026305,4,6,5,14,3,6,5,3
610103039678,-4,-4,-5,6,14,24,-1,-4
610103039678,-9,-20,-13,-48,-35,-34,-12,-12
610103041300,0,2,-6,-18,-12,-30,-3,-4
610103041300,-5,-18,-21,5,-7,-6,-12,-8
610103054077,-2,-11,-8,42,4,12,-1,-5
610103054077,-2,-11,-11,-3,-2,-9,-4,-5
610103060920,-15,-23,-17,8,7,13,-14,-9
610103060920,-9,-8,-12,-2,-19,-22,-4,-9
610103077264,-7,-17,-12,-21,-21,-21,-7,-4
610103077264,-18,-25,-20,15,0,12,-12,-15
610103078922,-9,3,-10,-2,-7,-7,-5,-5
610103078922,-6,-7,-4,42,25,33,-1,0
610103092268,-12,-15,-9,11,-18,-28,-9,-7
610103092268,-3,-2,-8,6,-7,-4,-2,-2
610103093034,1,-28,5,11,-1,-23,-1,-1
610103093034,-7,3,-15,-24,-41,-17,-14,-8
610103098374,-10,8,-9,7,1,4,-4,-5
610103098374,-8,-27,-4,-12,-15,-12,-8,-4
610103105837,-10,36,-20,20,-10,-1,-2,-3
610103105837,-13,-43,11,7,5,-1,-6,-5
610103121617,-3,13,-16,1,-11,-2,-2,-1
610103121617,-5,11,-5,37,17,12,1,-1
610103122304,-9,-50,4,-15,-13,24,-8,-11
610103122304,-3,10,-15,2,-11,-5,1,-4
610103137350,-3,10,-7,30,1,8,-1,-2
610103137350,-3,-56,7,-1,1,2,-2,1
610103143338,6,17,-9,7,4,3,1,3
610103143338,2,21,-4,4,21,2,4,0
610103159893,-10,-67,12,-38,-22,6,-12,-7
610103159893,7,46,-5,-3,6,6,15,6
610103165868,-8,-23,-6,5,3,3,-6,-6
610103165868,-5,-22,-3,-9,-28,-9,-6,-7
610103181515,4,21,-1,-21,18,3,5,7
610103181515,-2,-12,-2,18,-2,9,-5,-1
610103182299,0,4,-1,-23,-12,-7,-1,-4
610103182299,-1,8,3,4,21,-1,0,0
610103197390,0,-18,6,22,-2,3,3,0
610103197390,-1,24,-6,-13,-11,-7,-3,1
610103203331,-6,-18,4,9,6,6,0,1
610103203331,-6,-13,-12,-3,2,2,-4,-3
610103218353,1,2,-3,-19,-8,-30,-4,-6
610103218353,0,-7,-3,2,13,8,0,-4
610103225851,6,16,-2,7,7,6,3,1
610103225851,3,-3,10,1,-10,-4,5,2
610103241562,1,9,2,-16,19,11,3,2
610103241562,2,-2,-3,34,-2,14,0,-1
610103242316,1,-2,6,-13,5,-8,1,3
610103242316,0,-1,-8,8,-5,2,-1,-3
610103264046,-9,-19,-13,13,-7,12,-8,-10
610103264046,-7,-17,-8,-31,-42,-34,-10,-6
610103264833,1,5,2,12,11,12,-1,2
610103264833,4,-4,7,-9,-11,-8,-1,2
610103278405,-2,6,0,7,-2,3,3,2
610103278405,-3,1,4,10,24,30,1,1
610103285955,-2,1,-3,8,-14,-4,0,-4
610103285955,-1,3,-2,-24,-6,-12,1,1
610103300975,-3,-7,-2,6,0,1,1,2
610103300975,-6,-7,-10,-3,-1,2,-6,-3
610103308407,0,-11,2,-33,-7,-8,-4,0
610103308407,6,1,7,26,15,24,4,5
610103324027,-1,7,0,4,-4,0,1,5
610103324027,6,8,10,-8,-4,-5,10,6
610103324781,-2,0,-1,-8,17,7,-1,-2
610103324781,-3,-6,-6,-12,-17,-16,-6,-4
610103338371,1,-1,0,-15,-5,-6,0,-2
610103338371,-6,5,-1,4,10,7,-1,-1
610103345891,-5,-12,-9,7,-25,-9,-7,-5
610103345891,-2,3,-6,-42,-7,-23,-3,2
610103360868,3,5,0,32,17,18,5,-2
610103360868,2,10,4,-4,6,-1,2,3
610103368382,0,6,3,-1,-3,-6,4,2
610103368382,-6,-8,-4,38,17,40,-5,-3
610103384046,0,0,1,-23,-27,-23,2,3
610103384046,0,-8,1,-10,-4,-7,-4,-3
610103384814,-2,-7,-1,-4,-4,-4,-6,-3
610103384814,-6,-7,-9,-14,-35,-26,-7,-6
610103398368,3,12,11,0,18,15,3,2
610103398368,2,4,-3,10,-2,5,-1,4
610103405946,2,5,2,-3,2,1,3,0
610103405946,-3,-6,-2,11,6,7,-4,-3
610103420935,-5,-4,-5,36,-3,13,-2,-3
610103420935,-3,-2,-3,-28,-17,-24,-6,-3
610103428371,-2,-3,-3,9,9,9,0,-3
610103428371,-4,-6,-5,-3,6,0,-1,0
610103444015,3,2,0,-26,1,-9,1,0
610103444015,3,2,7,24,20,20,7,6
610103444768,4,5,1,6,-3,1,1,1
610103444768,3,12,13,-1,4,-2,6,2
610103458388,-5,-8,-5,18,5,15,-5,-2
610103458388,3,1,2,-23,-13,-11,2,1
610103465872,-3,-6,0,-6,0,1,-4,1
610103465872,-7,-11,-8,10,2,8,-8,-3
610103480890,-2,-6,-4,-38,-11,-30,-4,-6
610103480890,0,0,1,20,7,13,1,-1
610103488387,-1,-1,1,5,-10,-4,-4,2
610103488387,4,4,8,-3,1,1,5,7
610103504055,-4,-1,3,17,20,21,1,3
610103504055,-2,-1,-4,-2,-1,2,-2,-4
610103504892,-1,-2,-2,-9,4,-2,1,1
610103504892,-9,-5,-12,16,3,15,-4,-6
610103518368,1,0,-3,-30,-14,-33,-3,0
610103518368,1,-1,-3,-19,-2,-6,-3,-5
610103525960,1,2,2,8,9,17,3,2
610103525960,6,7,8,-16,-4,-11,8,6
610103563417,4,9,4,2,13,10,4,3
610103563417,-6,-5,-6,21,-5,3,-2,-2
610103572354,0,1,-3,-10,-8,-12,2,-4
610103572354,-5,-2,-2,0,-1,2,-2,-2
610103587240,-11,-13,-11,-3,-13,2,-10,-5
610103587240,3,2,6,-36,-3,-29,1,0
610103588815,-2,-1,-3,15,16,18,0,1
610103588815,1,5,5,5,-3,-2,3,1
610103602195,4,4,6,9,1,6,3,5
610103602195,4,23,11,-17,35,22,11,7
610103603816,8,11,9,3,-6,-2,5,6
610103603816,9,20,12,-30,32,28,12,8
610103616525,12,13,16,38,12,25,10,10
610103616525,3,1,8,9,-3,7,4,2
610103623395,8,12,5,-14,13,12,6,5
610103623395,2,-7,6,17,4,5,-2,-1
610103639789,2,5,5,-12,5,2,0,4
610103639789,4,18,-1,-3,11,10,4,2
610103641335,7,-12,10,3,21,24,4,3
610103641335,10,18,1,0,-3,-2,0,10
610103654764,-4,-16,2,0,18,51,-1,-2
610103654764,1,17,-1,-3,-6,-5,-2,0
610103656376,-1,-3,13,-5,-6,-6,-1,-4
610103656376,8,50,-11,62,28,23,4,3
610103660944,0,-48,17,-6,-6,-18,-8,-5
610103660944,12,47,-4,7,27,16,6,12
610103668396,6,-11,12,26,0,0,3,2
610103668396,-6,-30,4,-1,-18,-3,-8,-6
610103684042,10,51,-20,-6,-13,-42,2,4
610103684042,-3,-32,13,41,1,5,-4,-4
610103684927,0,-3,-1,7,8,16,-4,-4
610103684927,0,49,-9,-23,-14,-22,0,0
610103698421,5,5,11,13,4,8,5,4
610103698421,0,-41,11,-45,-3,6,-5,-2
610103705917,7,93,-22,34,22,18,6,4
610103705917,4,-18,32,20,8,10,8,5
610103720974,1,18,-3,-13,-2,9,5,2
610103720974,3,23,-8,61,1,-23,3,-2
610103728420,-4,-19,5,-10,-7,-9,4,-1
610103728420,-6,-18,-9,-13,2,0,-10,-11
610103744036,-2,11,-7,20,-2,-5,0,-3
610103744036,-1,-17,0,-15,-16,-22,-5,-4
610103744828,-2,6,-4,19,17,12,-2,0
610103744828,2,-8,0,-3,-16,-14,-3,-1
610103758363,1,11,6,2,-1,-4,4,3
610103758363,4,4,-1,8,-2,25,0,2
610103765859,-6,-16,0,-28,-30,-19,-2,-3
610103765859,4,9,1,1,7,6,3,3
610103780945,-9,-10,-5,22,9,13,-8,-5
610103780945,-4,0,-4,-7,-20,-13,-2,-3
610103788403,-1,-2,-3,16,0,-3,-3,-2
610103788403,-2,-5,6,16,6,10,1,-1
610103804045,3,11,2,-10,-4,-5,5,3
610103804045,0,3,2,5,18,14,2,-1
610103804903,-5,-5,-4,-3,-15,-18,-2,0
610103804903,-1,1,3,4,3,-2,3,2
610103818401,-3,-10,-5,7,5,4,-2,-7
610103818401,-4,1,-9,0,-23,-16,-6,-3
610103825944,2,-6,1,-12,-4,-10,-6,-3
610103825944,1,-2,-1,3,6,7,1,0
610103840876,7,0,2,-11,-14,-15,5,0
610103840876,-1,-2,0,6,23,23,1,-4
610103848370,0,10,0,-31,-18,-14,0,-1
610103848370,-2,-10,-7,-2,-17,-12,-2,-3
610103865489,-6,-3,-7,4,10,5,-8,-7
610103865489,1,0,-1,-17,-34,-31,1,2
610103866356,3,2,1,-1,13,8,1,4
610103866356,4,5,5,-12,3,-2,3,2
610103878378,2,5,6,6,-2,4,1,1
610103878378,-3,-2,0,24,25,40,-2,5
610103885829,-4,-5,-8,-27,-11,-20,-2,-4
610103885829,-3,5,0,0,-1,-1,1,0
610103900886,-4,-10,-8,-4,4,-1,-11,-1
610103900886,3,10,7,-23,12,-8,5,3
610103908353,6,3,4,35,18,23,6,3
610103908353,-1,4,-3,0,7,4,2,-1
610103924066,4,14,10,-10,-7,-12,4,6
610103924066,-2,-1,-4,22,8,25,-3,-2
610103924927,2,1,4,-23,-10,-15,0,2
610103924927,1,5,3,-13,-1,-7,2,-2
610103938384,-4,-3,-4,3,3,5,-2,-3
610103938384,1,1,1,-26,-16,-37,-1,0
610103945952,0,5,1,30,19,23,2,-2
610103945952,-2,-8,0,-1,-11,-9,-2,0
610103960920,2,3,4,-7,-3,-5,3,4
610103960920,2,1,2,43,-1,15,1,1
610103968420,-4,-4,-3,-15,-5,-11,-2,-1
610103968420,-1,-1,1,-5,2,-3,-3,-2
610103984109,-10,-16,-16,12,-10,10,-10,-11
610103984109,1,7,3,-43,17,-7,3,2
610103984889,0,-2,2,21,4,13,-3,2
610103984889,1,3,0,5,5,8,2,1
610103998364,3,10,7,-19,26,4,8,2
610103998364,-4,-1,-4,26,-6,5,4,-4
610104005843,-5,2,2,-15,-2,-9,-2,2
610104005843,-3,-4,-5,-2,6,2,-2,-3
610104020949,-4,-19,-7,6,-12,2,-8,-10
610104020949,2,5,6,-3,7,5,2,3
610104028411,4,3,6,-2,5,3,3,1
610104028411,5,0,6,-3,-9,-6,0,1
610104044072,4,14,6,0,25,12,8,4
610104044072,-2,-8,-1,14,-13,-1,-4,-3
610104044850,-6,-5,-4,0,-1,-2,-2,1
610104044850,-2,-4,-10,-1,-2,0,-7,-3
610104058412,-1,-8,-1,-2,-36,-24,-9,-2
610104058412,7,5,7,31,22,24,5,3
610104065954,0,-4,0,16,6,10,4,-2
610104065954,3,-2,0,0,1,2,3,1
610104080935,-1,-3,-6,2,1,1,-5,0
610104080935,-6,-3,-5,31,-9,9,-5,-3
610104088405,0,-5,-3,-15,-22,-18,-6,-3
610104088405,-3,-3,-4,7,8,10,-3,-1
610104127242,-3,-8,-5,-1,4,0,-4,-2
610104127242,2,5,2,-35,8,-7,3,0
610104128910,1,2,-1,23,22,21,2,-3
610104128910,-1,4,3,3,-4,-2,1,3
610104140918,3,7,10,1,-2,-1,6,7
610104140918,-5,-9,-5,-7,6,11,-5,2
610104149896,0,1,0,-34,-16,-22,-1,0
610104149896,-1,0,-2,-13,2,-3,-6,1
610104164693,-4,-1,-7,16,2,9,-5,-5
610104164693,-5,-20,-14,-16,-33,-25,-17,-13
610104166319,-4,-8,-11,-31,-24,-31,-12,-9
610104166319,-2,-13,-13,9,-11,-2,-6,-7
610104179695,-7,-11,-11,0,-21,-15,-7,-5
610104179695,-3,-9,-9,11,-22,-24,-4,-3
610104181323,-9,-17,-22,13,6,10,-10,-9
610104181323,-4,-9,-4,38,-3,-5,-3,-6
610104193392,3,-6,-8,31,10,13,-3,-3
610104193392,-14,-23,-12,-9,6,-1,-9,-5
610104202392,-11,-5,-14,23,-5,7,-9,-7
610104202392,-17,-19,-22,4,9,8,-12,-11
610104217273,-10,-14,-15,-4,-23,-17,-5,-8
610104217273,-9,-3,-13,3,-9,-7,-13,-6
610104218962,-2,-4,2,19,0,1,-2,-1
610104218962,-7,-3,-9,-12,-11,-2,-6,-4
610104223386,-3,14,-8,-6,-6,-8,3,1
610104223386,-9,-48,4,-46,-43,-30,-12,-12
610104231646,-7,44,-23,4,-28,-42,-5,-3
610104231646,-10,-26,13,-9,-11,-16,2,-4
610104246568,-7,-8,-7,-17,-13,-13,-6,-5
610104246568,-2,36,-3,1,10,12,6,3
610104247317,-15,-48,0,-3,-10,8,-10,-10
610104247317,1,-3,-5,-6,-16,-9,-3,-3
610104260932,1,48,-12,43,-2,-14,1,3
610104260932,-1,-36,12,14,-5,-23,7,0
610104268422,-8,-31,1,0,-5,1,-2,-4
610104268422,-3,43,-30,7,-1,-3,-5,-3
610104283430,-5,-79,20,-76,-21,-29,-3,-4
610104283430,5,41,-17,15,6,23,0,0
610104291559,3,-9,7,9,-2,3,3,4
610104291559,0,-3,10,-17,-2,-10,-1,3
610104306553,1,-2,-2,42,-2,28,-3,-1
610104306553,-4,-6,-6,-20,-14,-20,-2,-1
610104307317,-3,-6,-1,-11,5,11,-1,-3
610104307317,1,-2,-8,0,-28,-4,3,-3
610104320912,4,4,8,-15,18,1,6,1
610104320912,2,13,4,21,14,16,1,6
610104328403,1,12,3,1,6,4,7,3
610104328403,4,-7,9,-8,5,-6,3,3
610104343464,-6,12,-11,20,-10,1,0,-2
610104343464,-2,-11,6,-18,-9,-11,1,3
610104351610,-1,3,-7,-13,-2,-4,2,-2
610104351610,-5,-7,-3,2,-2,-1,-1,-1
610104366565,-3,-9,-5,-23,-25,-22,-9,-3
610104366565,-1,9,2,28,23,26,1,2
610104367381,1,0,2,13,-12,-7,-2,0
610104367381,2,1,9,-8,-4,-4,4,3
610104380984,0,-2,5,-7,8,7,1,1
610104380984,-2,-5,-3,-4,-12,-13,0,-5
610104388408,3,8,0,-6,-1,-2,0,-1
610104388408,-7,-11,0,14,6,12,-3,-3
610104403373,-2,3,-2,-6,-23,-15,-5,-1
610104403373,-1,0,2,-18,-5,-7,-2,-1
610104411604,2,-4,8,15,6,19,0,1
610104411604,3,5,3,-17,-8,-10,2,1
610104426605,2,4,2,4,20,10,2,3
610104426605,1,1,-4,-22,-16,-20,-1,-3
610104427344,-4,-3,3,-1,-1,-2,-3,1
610104427344,-3,-17,-6,4,5,5,-1,-5
610104440926,-1,0,-3,-36,-16,-39,-2,-3
610104440926,4,-4,5,10,9,8,0,4
610104448374,6,4,-1,-13,-5,-9,-2,1
610104448374,4,14,10,-9,6,-9,6,4
610104463411,-3,-4,0,35,7,12,-1,-4
610104463411,1,5,-3,-5,-3,-5,1,2
610104471599,-6,-12,-8,-4,-6,-7,-5,-3
610104471599,-5,-10,-10,3,-26,-13,-9,-5
610104486553,4,12,9,-7,16,14,7,3
610104486553,-1,-1,3,11,-4,7,-1,-2
610104487332,-3,2,-4,-3,-3,-4,3,-1
610104487332,-1,-12,-3,14,-7,3,-6,-3
610104500918,-1,1,2,-34,-13,-18,-4,0
610104500918,-4,-9,-2,-1,-9,-8,-1,-4
610104508411,-6,-5,-8,2,5,4,-5,-6
610104508411,3,-1,-1,-9,-21,-17,0,-3
610104523406,0,1,1,45,21,30,1,0
610104523406,1,6,4,2,5,4,3,2
610104531603,3,-3,1,-7,-8,-9,-3,1
610104531603,-2,1,1,43,8,27,0,0
610104546315,-1,-2,-2,-14,-18,-25,-3,-1
610104546315,-4,0,4,11,9,8,4,3
610104554094,-1,-11,-8,7,1,5,-6,-6
610104554094,0,3,1,-35,5,-16,-6,1
610104560939,3,3,1,23,8,18,5,5
610104560939,3,1,-2,0,-6,-5,2,-1
610104568440,7,7,12,-13,-7,-15,9,7
610104568440,-4,-1,-2,19,8,21,-3,-3
610104583427,-2,3,2,-28,-12,-17,2,-2
610104583427,-4,-5,-7,-10,-4,-8,-2,-3
610104591563,-4,-12,-7,11,0,12,-8,-5
610104591563,-5,-12,-6,-29,-29,-30,-4,-3
610104606550,0,-1,-1,31,11,18,5,3
610104606550,1,0,3,2,-8,-5,1,2
610104607366,0,9,6,-5,-3,-6,4,4
610104607366,3,-4,3,42,5,11,1,-2
610104620932,-7,1,-5,-16,-13,-2,-4,-4
610104620932,1,-3,2,0,3,0,-2,0
610104628432,-7,-5,-11,8,0,5,-3,-6
610104628432,-2,-1,-2,-8,-20,-12,-2,-1
610104643420,5,2,1,22,11,13,5,-1
610104643420,-1,5,5,15,13,15,4,1
610104651570,6,13,7,-9,-9,-10,5,6
610104651570,-1,2,0,26,27,36,5,0
610104689716,1,0,-3,-9,-14,-18,-2,1
610104689716,-1,-3,-1,-4,-7,-5,-2,-3
610104691344,-1,-2,-5,11,5,6,-4,0
610104691344,4,6,0,-52,-1,-23,4,2
610104703446,5,4,4,13,5,12,3,4
610104703446,-1,-2,-5,1,-5,-3,-4,-2
610104712354,1,8,5,-3,-4,-2,5,3
610104712354,0,-1,-1,0,-13,-4,-7,-1
610104727306,-4,-4,-1,-28,-11,-16,-1,-3
610104727306,0,-2,1,-9,-8,-10,-1,1
610104728898,9,15,13,5,8,11,10,3
610104728898,5,14,13,17,27,37,6,8
610104742296,5,15,15,49,46,61,10,6
610104742296,7,14,15,7,8,13,5,6
610104743919,8,18,20,10,34,35,5,9
610104743919,11,22,15,31,16,20,8,11
610104757286,5,5,12,-2,2,4,4,3
610104757286,6,22,9,1,18,12,4,5
610104758924,1,-2,-1,6,4,7,1,1
610104758924,-3,-6,3,-3,15,7,-5,-5
610104770975,7,31,0,1,8,5,-1,1
610104770975,3,-40,8,7,2,17,2,-2
610104779925,7,48,-8,7,-8,4,3,0
610104779925,4,-17,21,-8,5,1,10,4
610104786558,5,48,-12,-7,-2,12,3,4
610104786558,8,-5,15,2,27,-9,2,5
610104787361,-1,-16,3,-28,5,0,-7,-6
610104787361,3,27,-9,-7,7,-2,4,4
610104800939,4,-64,27,-30,5,1,-5,2
610104800939,6,45,-9,-8,4,10,4,4
610104808373,1,2,3,-3,7,0,0,4
610104808373,5,-37,13,-32,-9,-13,-2,0
610104823389,5,38,-3,-10,44,39,6,6
610104823389,9,40,-3,42,35,26,10,7
610104831582,3,-57,26,7,3,-10,3,3
610104831582,8,36,-11,-19,0,2,8,4
610104846592,2,-3,-2,44,-1,-24,1,-2
610104846592,-3,-29,7,-42,-19,1,-4,-3
610104847313,-5,19,-10,0,5,12,-2,2
610104847313,-8,-1,-9,17,14,10,-5,-6
610104860943,-3,-39,2,-46,-23,-27,-3,-5
610104860943,3,23,-5,20,-2,-4,2,1
610104868434,1,-20,7,-6,-22,-18,-1,1
610104868434,-4,3,-3,-12,14,-12,-4,-4
610104883430,-1,8,-3,21,-6,-11,-1,2
610104883430,-1,-14,4,-17,-9,-3,3,-4
610104891569,-2,19,-10,4,13,10,4,-5
610104891569,2,-13,4,-16,-34,-34,-2,1
610104906606,1,-2,1,22,17,25,0,2
610104906606,0,4,-3,0,0,-1,2,3
610104907461,3,-3,10,7,7,5,6,4
610104907461,1,12,0,12,22,12,1,4
610104920921,-5,-16,-6,-18,-16,-16,-4,-5
610104920921,-4,2,-1,0,0,-2,-1,2
610104928429,-6,-5,-10,8,-2,1,-8,-5
610104928429,3,2,4,-32,-6,-18,5,-1
610104943372,3,12,5,1,11,9,6,3
610104943372,0,3,6,9,9,7,1,2
610104951593,6,4,1,-8,-5,-3,2,4
610104951593,-3,-3,0,34,7,29,-3,-5
610104966575,-2,-4,4,-29,-8,-15,0,-1
610104966575,-8,-6,-11,0,-5,-3,-3,-4
610104967379,-3,-6,-6,0,0,-1,0,-5
610104967379,2,0,-4,-21,-26,-33,-2,-2
610104980919,2,1,3,34,17,22,3,2
610104980919,1,-5,-1,0,-7,1,0,-1
610104988368,1,15,3,-6,-3,-6,1,2
610104988368,1,-3,2,31,-3,13,0,1
610105003380,-2,5,1,-16,-7,-11,0,3
610105003380,-5,-5,0,-3,0,-1,-1,-3
610105011594,-7,-18,-8,17,-10,10,-7,-6
610105011594,3,9,7,-8,16,12,3,2
610105026533,-2,-4,-5,4,-13,-1,-4,-4
610105026533,3,-1,2,0,-3,1,-2,0
610105027324,1,5,-1,13,17,27,1,-1
610105027324,-1,0,-3,-5,-18,-1,0,1
610105040927,-1,-6,6,2,-2,2,-1,1
610105040927,-3,-16,-9,1,-24,-13,-10,-6
610105048383,7,8,5,-16,7,-8,2,2
610105048383,0,3,1,7,3,4,0,2
610105063434,0,0,1,4,1,5,0,0
610105063434,-3,2,-1,15,17,35,-1,-3
610105071638,-1,-3,-2,-31,-17,-42,-3,-1
610105071638,-3,-6,1,2,6,3,0,5
610105094750,-6,-9,-8,-3,2,0,-7,-5
610105094750,0,4,2,-34,0,-23,2,1
610105095537,5,7,8,29,17,23,6,4
610105095537,-1,5,-1,8,7,8,2,2
610105100948,0,8,5,-11,-9,-8,8,5
610105100948,-6,-6,-1,28,11,33,-5,-2
610105108374,1,5,4,-8,3,2,2,4
610105108374,-3,-3,-3,-7,1,-4,-1,0
610105123428,0,-9,-5,12,-8,10,-8,-5
610105123428,5,6,5,-34,-1,-14,1,0
610105131604,0,5,2,8,2,5,2,0
610105131604,-1,-7,3,-1,-11,-4,-3,0
610105146570,1,-3,-3,-7,11,18,-1,-3
610105146570,3,3,5,-26,-10,-18,3,4
610105147320,-5,-6,-6,-7,-7,-3,-4,-1
610105147320,-7,-10,-10,12,7,12,-7,-5
610105160928,-6,-15,-13,-20,-33,-27,-7,-8
610105160928,5,4,2,36,21,25,1,4
610105168416,0,1,1,1,-8,-1,3,1
610105168416,2,6,7,-8,-2,-3,2,0
610105183428,2,2,-3,42,1,9,-2,-2
610105183428,-3,-2,-3,-15,-14,-15,0,-2
610105191656,-2,-1,1,-5,2,1,0,0
610105191656,0,-14,-12,7,-21,-6,-4,-7
610105206031,-2,9,9,-48,6,-16,2,2
610105206031,1,1,2,4,-4,-1,-1,-1
610105214172,-3,-9,-2,9,4,7,-4,-5
610105214172,-4,2,3,17,16,31,-1,-1
610105253020,-1,-1,-3,-1,-15,-14,-4,1
610105253020,2,2,3,0,5,1,5,1
610105255377,-7,-4,-6,-8,-3,-5,-4,-2
610105255377,-1,5,0,-3,-17,-21,-2,-1
610105266751,0,3,4,30,18,25,6,5
610105266751,-1,8,0,7,2,7,0,-1
610105267397,3,5,7,-11,-1,-13,4,1
610105267397,1,0,-3,21,3,13,-1,-2
610105281133,3,8,2,-29,-7,-17,5,3
610105281133,-7,-10,-5,-6,-6,-7,-5,-4
610105289999,-6,-4,-12,4,-1,4,-12,-9
610105289999,1,-13,-10,-13,-38,-38,-9,-9
610105304722,-6,-12,-9,-6,-4,-7,-8,-9
610105304722,-10,-13,-11,59,16,36,-10,-7
610105306336,-4,-12,-6,17,-28,-28,-8,-5
610105306336,-7,-20,-14,-6,-16,-9,-10,-8
610105319728,-6,-13,-13,4,-9,-3,-6,-6
610105319728,-4,-10,-19,-8,-18,-13,-8,-5
610105321334,-11,-38,-18,3,-57,-41,-15,-13
610105321334,-11,12,-16,-9,0,-6,-3,-4
610105334131,-5,-47,-9,-27,-28,-26,-11,-9
610105334131,-4,23,-9,-4,-2,-29,-1,-1
610105340891,-10,-30,-1,-8,0,1,-5,-7
610105340891,-5,25,-20,-8,-4,-9,-4,-2
610105349050,-15,-54,1,-29,-39,-20,-17,-15
610105349050,5,57,-19,4,-7,1,2,-2
610105349886,-7,-27,11,0,0,4,-3,-4
610105349886,-4,5,-7,-16,-8,-11,-7,-7
610105363425,-2,37,-8,11,28,20,8,1
610105363425,-19,-59,1,-14,-18,-11,-14,-13
610105371619,0,26,-20,-3,-1,2,1,1
610105371619,-8,8,0,46,31,18,7,-2
610105386420,-9,-41,3,6,-11,13,-9,-6
610105386420,0,-7,-7,-9,-15,-11,1,0
610105401609,4,53,-19,24,17,-23,2,2
610105401609,2,-71,31,14,3,-2,1,3
610105409048,8,41,-19,17,-1,-6,3,6
610105409048,-6,-26,2,-5,-9,-9,-1,-3
610105409891,-2,-10,-1,-8,-15,19,-7,-3
610105409891,5,-9,1,-25,-14,-16,1,1
610105423391,-3,10,1,13,6,-6,-1,-2
610105423391,-4,-30,-3,-1,-26,-13,-8,-4
610105431543,2,0,-3,5,13,17,2,4
610105431543,0,0,4,10,1,8,-1,5
610105445923,2,15,-5,9,5,10,0,2
610105445923,4,5,8,-4,21,0,6,3
610105454160,2,1,6,16,4,9,0,0
610105454160,-3,10,-6,0,0,3,2,-1
610105469163,-10,-18,-3,12,1,7,-8,-8
610105469163,6,6,-2,-39,1,-15,0,2
610105469995,-2,-8,2,12,14,11,1,0
610105469995,1,0,3,-6,7,4,-1,0
610105483578,4,14,6,1,-5,-10,7,4
610105483578,-1,-7,2,54,10,39,-1,3
610105491832,-5,5,2,-15,0,1,3,-1
610105491832,-4,2,-4,-5,1,-1,-2,-1
610105506135,2,-1,2,5,-5,-20,0,0
610105506135,7,12,3,14,15,14,4,2
610105514200,3,4,12,-3,5,1,9,2
610105514200,3,6,3,-4,-12,-7,4,3
610105529231,-1,-1,-3,32,0,5,-2,-5
610105529231,1,1,3,-20,-9,-16,2,0
610105529969,-3,-3,-7,-7,-3,-6,-6,-2
610105529969,0,-1,-2,7,-14,-14,-3,-5
610105543488,7,8,7,1,11,4,6,4
610105543488,-5,5,-5,4,-5,-1,0,-5
610105551681,3,0,0,-12,-18,-14,1,1
610105551681,-6,-2,-4,33,-1,10,-5,-1
610105566015,3,9,11,-2,7,4,6,9
610105566015,1,-1,-3,-1,-4,-6,-3,-5
610105574292,-7,-16,-9,15,-16,1,-7,-13
610105574292,-1,-1,-1,-37,-12,-24,-2,-1
610105589179,-4,-2,-4,10,-2,5,2,2
610105589179,5,-5,5,-1,-15,-10,3,6
610105589950,-4,-4,-2,3,13,24,-2,-2
610105589950,1,-1,-2,-20,-9,-3,0,3
610105603494,-4,-4,3,-7,-7,-7,0,-2
610105603494,-7,-8,-10,10,6,7,-7,-5
610105611762,3,-4,-3,-27,-33,-39,0,-3
610105611762,2,5,1,26,21,19,1,-4
610105626128,-1,8,4,-2,2,3,2,4
610105626128,-1,6,5,6,-1,3,2,5
610105634302,4,0,2,34,13,30,-2,1
610105634302,-4,-8,-7,-27,-12,-20,-2,-7
610105649253,-5,0,-5,-4,1,-2,-4,-4
610105649253,-4,-12,-8,2,-8,1,-7,-4
610105650051,7,4,0,-39,-6,-24,3,3
610105650051,2,9,2,33,13,24,4,5
610105663595,1,9,7,8,6,7,0,2
610105663595,3,4,5,-10,-8,-11,7,5
610105671738,-4,-5,-3,30,-1,11,-3,-2
610105671738,3,6,5,-12,0,-2,1,5
610105686013,-5,-5,-7,-10,-7,-11,-6,-7
610105686013,-5,-4,-4,12,-11,9,-5,-3
610105694164,-1,-2,0,-38,-15,-38,0,-1
610105694164,1,-2,2,27,13,22,4,0
610105709294,1,0,-4,-7,-12,-9,-1,1
610105709294,1,8,4,-8,-3,-9,2,-3
610105710022,5,0,-2,26,-3,1,3,0
610105710022,-2,3,0,-18,-10,-13,-2,-1
610105723502,-3,-7,3,1,3,3,-4,0
610105723502,-8,-15,-9,8,5,7,-10,-6
610105731617,-1,5,2,-38,6,-11,1,4
610105731617,-3,-2,-4,17,7,10,0,-4
610105745944,2,2,-1,11,3,8,-1,1
610105745944,4,12,4,-9,9,-9,3,4
610105754100,-4,0,-1,44,6,10,2,-1
610105754100,0,3,4,-20,-8,-17,-2,0
610105769081,-2,-3,-4,-1,6,4,1,-1
610105769081,-1,-7,-7,5,-20,-8,-6,-5
610105769892,1,5,1,-14,7,7,-1,3
610105769892,3,1,2,7,-1,-3,5,0
610105822940,5,4,2,2,-10,-6,4,2
610105822940,-3,3,3,14,39,30,3,1
610105825364,-6,6,2,-9,-13,-6,4,0
610105825364,1,-5,-3,0,1,2,-1,-4
610105829048,1,1,-3,1,-16,-21,-2,-2
610105829048,4,4,3,9,10,4,4,2
610105829898,4,6,4,6,9,11,2,4
610105829898,1,-2,1,-9,-11,-8,3,-4
610105844133,-1,2,-2,-3,23,8,-2,2
610105844133,-2,5,9,21,-7,9,4,1
610105850937,4,8,9,7,1,1,5,3
610105850937,4,9,2,6,7,27,4,3
610105867289,7,13,15,-2,16,10,12,4
610105867289,10,21,10,-18,24,7,8,7
610105868893,6,15,9,-6,1,2,2,2
610105868893,3,7,3,4,-6,-7,1,0
610105882261,0,-9,-2,-7,-29,-11,2,-3
610105882261,5,20,3,-9,-8,-6,6,3
610105883885,0,-21,0,7,0,23,0,-1
610105883885,3,18,4,-12,-10,-23,3,6
610105897251,10,-7,6,-1,4,7,2,5
610105897251,4,3,-5,33,8,-9,0,2
610105898905,-1,8,12,1,13,3,5,1
610105898905,6,33,4,22,42,25,6,9
610105903472,3,-37,22,-5,4,1,0,3
610105903472,13,67,-10,0,19,14,6,11
610105912490,8,-21,25,68,47,44,4,2
610105912490,4,1,-4,4,4,5,1,1
610105925995,7,52,-4,67,20,3,8,5
610105925995,-12,-56,1,2,-9,1,-13,-14
610105941136,-4,25,-19,9,-3,4,-8,-7
610105941136,1,34,-3,38,1,12,0,2
610105948652,0,-58,6,-29,-17,-24,-10,-7
610105948652,2,-7,-3,-17,-15,-14,1,-3
610105957521,11,49,-17,-4,0,-32,3,2
610105957521,1,-82,27,6,4,-10,-5,-4
610105972344,7,33,-16,8,9,19,5,-1
610105972344,1,-8,7,-8,8,-11,2,3
610105973939,-3,-30,-2,-9,-27,0,-5,-4
610105973939,1,2,2,-14,4,1,6,4
610105986063,-6,17,3,7,10,8,-2,-2
610105986063,-2,-29,-2,4,-19,4,-8,-6
610105995008,1,5,-1,3,9,1,5,0
610105995008,-2,-4,0,-13,-9,-9,-1,-2
610106008463,7,7,6,-6,-8,-5,8,7
610106008463,-1,-6,3,17,7,17,-4,-2
610106017500,-4,-11,7,-22,-17,-24,0,1
610106017500,-2,0,-10,-1,-3,1,-4,-6
610106023641,-8,-22,-5,6,-16,1,-12,-10
610106023641,4,3,-1,-59,-21,-32,5,-1
610106032447,-1,2,2,-2,0,-2,4,1
610106032447,0,-7,-2,-7,-7,-4,-3,3
610106046119,-1,16,-4,-1,24,5,-1,3
610106046119,1,-10,3,7,-10,-15,1,-1
610106054958,-6,-6,-4,-6,-5,-4,-5,0
610106054958,-5,-6,-8,5,8,5,-6,-3
610106068500,2,4,-3,-36,4,-14,2,2
610106068500,2,13,5,41,17,25,4,11
610106077450,2,-3,5,-4,5,3,2,0
610106077450,-1,-7,-4,0,-1,0,-6,-9
610106083642,0,-1,0,39,9,32,2,-2
610106083642,-4,-4,3,-16,-6,-12,0,0
610106092410,-4,-1,-7,-1,8,5,-5,-3
610106092410,-2,-10,-1,6,-15,3,-7,-3
610106106144,-1,11,4,-10,16,11,3,3
610106106144,3,11,2,13,10,8,6,6
610106114969,4,-3,3,2,-5,-3,3,3
610106114969,0,10,1,-11,26,11,3,2
610106128612,-2,1,4,-25,-24,-17,-2,1
610106128612,4,11,8,3,5,3,6,1
610106137439,-5,-8,-8,2,7,5,-6,-2
610106137439,-7,-7,-9,4,-25,-11,-7,-7
610106152387,3,3,1,7,7,5,4,4
610106152387,-1,-1,-4,-3,-6,-5,0,-1
610106153939,9,7,5,-15,-11,-14,6,8
610106153939,0,2,3,35,-1,10,-1,-1
610106166068,-2,0,0,-9,-16,-23,0,-4
610106166068,-2,-3,0,-5,-4,-5,0,-3
610106175049,-5,-15,-9,7,2,9,-9,-7
610106175049,5,8,5,-50,3,-27,5,4
610106188678,2,3,2,24,7,15,2,1
610106188678,-3,1,3,-1,-2,-4,1,0
610106197406,-1,6,4,-4,12,-1,4,2
610106197406,0,5,1,9,-4,-3,4,4
610106212296,-3,-10,2,1,-2,-1,-5,-4
610106212296,-6,-6,-7,-5,7,2,-6,-4
610106213915,5,1,2,-29,-7,-23,1,0
610106213915,2,9,5,30,30,33,3,1
610106225977,2,2,0,2,5,3,0,3
610106225977,-6,-16,-11,3,-1,1,-11,-6
610106234934,-3,-1,-2,42,2,14,1,-1
610106234934,2,1,1,-12,-2,-8,2,4
610106248429,-4,1,-7,2,7,4,-2,-4
610106248429,0,0,1,-18,-15,-34,-6,-1
610106257418,-2,4,-1,14,16,12,-1,-2
610106257418,-2,0,1,-3,0,-1,4,3
610106272270,-1,0,8,-2,18,7,2,6
610106272270,7,15,1,34,17,25,8,6
610106273899,5,2,3,-6,0,1,1,0
610106273899,-6,-8,-19,9,-4,5,-12,-5
610106285946,0,3,-5,-33,-7,-22,1,-2
610106285946,0,3,2,21,14,16,4,1
610106294911,6,11,0,6,7,9,3,2
610106294911,2,9,6,-10,-5,-13,1,-1
610106308445,-2,-9,-5,51,-12,12,-2,-6
610106308445,-2,-2,7,-15,-2,-5,0,3
610106317405,-4,-4,-3,-7,-4,-6,2,-3
610106317405,3,4,3,-24,8,-4,4,3
610106332268,2,14,3,8,6,8,6,3
610106332268,16,14,2,2,1,2,12,7
610106333883,28,16,1,0,1,-2,18,21
610106333883,17,17,-35,-21,-6,-27,7,5
610106345915,-29,-32,-35,-9,-33,-22,-23,-28
610106345915,-25,-41,-18,-47,-68,-54,-31,-25
610106354889,-25,-26,9,-6,-17,-10,-20,-14
610106354889,-11,-11,30,6,-7,1,-4,-4
610106368476,2,-5,18,8,5,14,-1,1
610106368476,-2,-1,14,-10,-12,-10,2,1
610106377451,-3,2,10,-2,0,2,-2,-1
610106377451,-7,-15,-10,13,-2,10,-7,-8
610106392309,6,1,3,0,-16,-6,1,1
610106392309,6,11,2,20,21,22,5,4
610106393898,6,4,3,12,4,10,5,4
610106393898,3,-1,6,-4,-12,-8,2,5
610106405921,-1,4,0,6,27,20,3,2
610106405921,5,8,0,-19,-11,-8,3,3
610106414916,-7,-2,-10,-6,-6,-8,-4,-4
610106414916,-7,-12,-9,2,-5,1,-5,-3
610106428588,4,1,-1,-27,-15,-30,0,3
610106428588,6,9,-2,39,35,30,10,5
610106437476,-2,1,-7,-5,-7,-5,-3,-7
610106437476,-5,-1,4,-7,-7,-7,-5,-6
610106452312,2,2,1,6,-9,-7,-2,6
610106452312,0,2,2,-5,2,-2,-1,-3
610106453889,-6,-7,-9,-13,-10,-12,-7,-3
610106453889,-1,-8,-5,12,-20,-6,-5,-5
610106465959,2,8,3,-25,11,0,4,2
610106465959,-3,-2,-4,3,-1,1,-3,-2
610106474972,-2,0,-2,-4,-4,-1,0,-2
610106474972,0,2,2,5,7,26,-3,4
610106488655,-1,1,-2,-15,-5,-11,1,0
610106488655,1,2,2,-10,0,-6,2,4
610106497551,-4,-1,-1,8,8,8,-5,-3
610106497551,-5,-1,-7,0,-15,-7,5,-2
610106512452,-2,3,1,7,3,5,4,1
610106512452,0,3,0,-2,6,4,2,0
610106513916,1,7,4,-9,-4,-14,1,2
610106513916,-2,8,2,33,24,38,2,1
610106526104,3,3,2,-32,-11,-16,2,3
610106526104,-8,-11,-5,5,4,4,-3,-3
610106535027,-4,-14,-11,0,0,5,-4,-6
610106535027,2,-2,2,-53,-1,-28,3,-3
610106548607,3,6,3,25,8,19,1,4
610106548607,5,1,2,-2,-10,-6,5,-2
610106557506,-4,0,-1,7,27,25,1,1
610106557506,1,3,2,-15,-13,-20,1,0
610106572482,-6,0,2,4,1,1,2,3
610106572482,-3,-7,-3,-6,-5,-3,-10,-2
610106573953,0,-4,-5,-46,-21,-35,-4,-4
610106573953,5,13,10,25,16,14,5,8
610106586009,2,0,4,5,-5,3,0,-1
610106586009,3,1,0,-3,-2,-1,4,0
610106594891,-2,-5,-1,1,-22,-12,0,-1
610106594891,2,3,2,-13,-9,-11,3,0
610106608518,-4,-3,-3,-9,-1,-5,-5,-3
610106608518,-2,-6,-8,6,-21,-13,-4,-3
610106617398,5,2,-1,-9,4,3,-4,4
610106617398,-3,4,-2,4,-4,3,-3,-4
610106632254,3,1,-1,5,0,5,-2,-1
610106632254,0,4,-1,10,36,31,7,5
610106633900,-3,3,-1,-4,-17,-3,-3,-1
610106633900,-1,2,2,3,2,2,5,2
610106645964,-10,-10,-8,14,9,15,-8,-9
610106645964,4,6,1,-43,2,-13,3,-1
610106654935,0,4,2,26,16,17,-1,-2
610106654935,-2,5,2,2,8,5,0,4
610106668444,2,7,-2,-7,17,-1,4,2
610106668444,-1,-1,-3,34,4,15,-4,0
610106677414,-2,3,5,3,4,5,2,5
610106677414,-4,-13,-8,-2,4,0,-10,-7
610106692293,2,3,-2,-3,-19,-24,1,1
610106692293,0,3,6,18,13,14,0,4
610106693889,-3,8,4,6,9,4,7,3
610106693889,6,7,5,-6,-7,-12,5,4
610106705945,-6,-9,-3,33,-6,13,-5,-1
610106705945,-1,-1,4,-24,-12,-20,-4,-3
610106714938,-6,-6,-6,-1,-4,-4,-1,-5
610106714938,2,-5,-3,2,-15,0,-3,-3
610106750947,3,9,7,-19,8,2,3,1
610106750947,1,2,0,6,-3,-1,3,0
610106761431,-1,-2,1,0,-11,-8,-2,0
610106761431,-4,-5,2,-3,20,1,0,1
610106774781,5,3,1,-8,-13,-11,2,2
610106774781,-3,-6,-2,0,-6,-5,-6,-5
610106776387,-7,-2,-3,1,5,5,-4,-1
610106776387,-5,-11,-14,-13,-29,-27,-9,-7
610106789302,-3,1,2,22,8,15,2,3
610106789302,-9,-9,-12,12,-9,0,-6,-8
610106790032,-2,-15,-4,-4,-18,-9,-13,-9
610106790032,-5,-12,-15,4,0,3,-11,-9
610106803482,-8,-11,-14,-6,-5,-6,-12,-15
610106803482,-3,-12,-14,1,-35,-27,-10,-12
610106811122,-13,-28,-16,3,-18,-2,-16,-15
610106811122,-9,-18,-9,8,0,-1,-14,-10
610106827886,-9,-14,-12,3,-1,6,-10,-8
610106827886,-13,-47,-16,-6,-48,-29,-18,-11
610106835609,-4,8,-6,0,-6,-8,-1,-3
610106835609,-13,-25,-18,-8,-35,-5,-11,-12
610106836338,-5,-3,-14,18,-28,-45,-3,-6
610106836338,-9,-14,-7,-2,2,0,-11,-6
610106837932,0,8,-17,-9,-15,-17,-2,-2
610106837932,-3,-30,16,-14,-8,-9,4,4
610106848543,-4,46,-23,-10,-34,-6,-6,-2
610106848543,-8,-21,9,3,0,0,-1,-6
610106857455,-4,11,-10,-44,-16,-11,-4,-5
610106857455,-3,42,-10,22,-13,-37,0,1
610106872314,-11,-47,6,-4,-8,-6,-7,-4
610106872314,-2,22,-10,-36,-6,-15,0,-1
610106873976,-7,-2,-12,-2,1,3,-2,-5
610106873976,-11,-41,2,-15,-34,-6,-11,-14
610106886111,5,23,-7,7,17,12,1,2
610106886111,1,4,2,18,9,12,3,5
610106895027,3,-6,17,15,7,-4,5,2
610106895027,2,11,-2,-5,15,0,2,1
610106908453,-2,-12,-3,-1,-6,-11,-3,-6
610106908453,-1,7,10,-5,8,11,4,3
610106917521,0,1,-14,4,-1,0,-5,-2
610106917521,1,-11,4,2,0,-18,5,-2
610106932461,0,5,4,-4,11,15,1,-2
610106932461,7,11,-4,2,-2,-6,2,0
610106933943,1,-19,13,-8,-16,-15,0,0
610106933943,-5,20,-14,40,6,24,-4,-3
610106946080,4,-18,11,-18,-3,-13,6,7
610106946080,-7,4,-7,1,0,-2,0,-1
610106954970,-6,-11,-10,29,4,12,-4,-7
610106954970,5,-5,6,-51,-11,-20,-1,-1
610106968489,0,4,-4,12,-1,8,-1,0
610106968489,0,-1,2,1,-8,-6,-1,4
610106977421,-1,1,-3,-7,9,16,0,3
610106977421,-1,8,-2,-28,-8,-13,4,1
610106992322,-7,-24,-2,-14,-12,-9,-6,-5
610106992322,-3,4,-9,6,9,7,-3,-3
610106993911,7,2,6,-38,-8,-26,2,1
610106993911,-3,6,0,27,15,23,1,1
610107005924,0,1,0,3,-2,3,-4,-1
610107005924,-3,-8,-5,1,3,8,-5,-4
610107014933,0,3,0,-23,-14,-23,2,0
610107014933,1,-3,9,-7,-2,0,-3,-2
610107028426,-6,-5,-8,-1,2,3,-5,-5
610107028426,3,4,-7,-4,-14,-19,-1,-3
610107037441,2,2,1,51,22,32,0,-1
610107037441,1,11,-1,7,11,11,2,1
610107051660,-3,-9,-5,-12,-5,-10,-3,-3
610107051660,-1,-2,1,29,-3,5,2,-1
610107058472,3,7,3,-20,-13,-18,0,1
610107058472,-6,3,4,7,11,10,5,3
610107065926,-1,-10,-5,6,-14,5,0,-6
610107065926,-3,-2,2,-34,6,-1,-3,0
610107074938,2,4,3,15,1,10,5,1
610107074938,6,0,-2,1,-8,-2,3,-1
610107088402,0,1,9,-16,23,8,4,5
610107088402,-2,2,3,3,-5,-1,-4,-1
610107097410,-5,-11,2,9,4,5,0,-1
610107097410,-7,-7,-14,-2,3,1,-9,-6
610107111616,0,-2,-5,-19,-23,-36,-6,-7
610107111616,5,6,3,14,15,15,2,4
610107118454,-2,2,0,1,-4,-2,-4,-3
610107118454,5,15,6,-12,11,-8,6,5
610107134825,-5,-4,2,28,-4,7,-2,-1
610107134825,-1,3,0,-9,-1,-4,1,-2
610107136393,-4,-7,-5,-3,-6,-6,-8,-2
610107136393,-2,-11,-5,6,-30,-17,-6,-6
610107148455,3,12,4,14,19,20,7,4
610107148455,2,0,-2,-1,-3,4,5,-1
610107157398,-1,-2,1,4,-1,1,-2,-1
610107157398,-2,-13,-11,15,-10,2,-7,-7
610107171663,-2,3,2,-27,-10,-16,0,-2
610107171663,-2,-5,1,-4,-9,-9,0,-4
610107178446,-2,-8,-8,9,-6,8,-4,-4
610107178446,4,0,-1,-22,4,7,0,5
610107194983,2,-1,-1,11,1,5,-1,-3
610107194983,-1,-2,0,3,-1,1,-1,0
610107196513,4,3,4,27,7,24,2,0
610107196513,-4,0,2,-22,-6,-11,3,4
610107208497,-6,-7,0,1,2,2,0,0
610107208497,-9,-17,-11,6,-9,5,-10,-8
610107217444,1,4,0,-39,0,-16,5,0
610107217444,-4,2,-5,25,7,14,-4,-6
610107231681,1,3,3,1,0,3,1,3
610107231681,-3,-1,0,-15,27,11,4,2
610107238464,-2,1,1,-3,-6,-5,2,2
610107238464,-3,6,3,6,5,7,-1,1
610107254900,-1,-12,-11,-1,-11,4,-6,-4
610107254900,5,8,5,-11,3,7,1,1
610107256411,2,5,1,19,10,15,3,4
610107256411,-1,1,6,4,8,9,0,0
610107268630,3,2,2,2,23,24,3,-2
610107268630,-3,-2,-4,-26,-20,-25,-5,-1
610107277428,-2,0,5,0,-1,-1,0,-1
610107277428,-4,-10,-5,-3,2,0,-3,-1
610107314272,3,5,5,-15,1,-17,-1,-1
610107314272,3,5,6,26,17,19,4,4
610107322544,1,7,2,-3,3,0,3,0
610107322544,2,8,4,-15,-9,-12,4,4
610107337329,-3,-1,-9,31,-6,10,1,-1
610107337329,3,6,4,-23,-10,-15,5,2
610107338902,1,-4,-2,-8,-5,-8,2,0
610107338902,-2,-9,-5,12,-9,11,-5,-5
610107352329,2,6,4,-5,9,5,3,3
610107352329,2,-1,6,4,-3,-2,7,4
610107353938,2,7,2,-16,7,6,2,2
610107353938,2,8,7,1,-5,7,3,1
610107365929,1,-3,6,3,-14,3,1,0
610107365929,6,16,12,2,8,17,3,5
610107373421,4,11,13,0,2,-6,9,6
610107373421,1,13,7,-4,3,-2,5,3
610107380898,10,18,8,-17,1,15,6,8
610107380898,1,-9,4,-3,12,-5,3,-2
610107389945,7,44,2,-43,21,6,5,4
610107389945,7,-12,12,-6,10,7,2,2
610107397319,5,53,4,19,13,2,6,2
610107397319,-2,-37,5,6,-1,13,-6,-3
610107398911,8,24,-19,22,-15,1,-2,2
610107398911,5,-35,21,0,4,2,1,-1
610107411646,7,55,-12,16,17,22,5,8
610107411646,5,-17,17,2,-1,-7,3,1
610107418435,-3,-22,-1,9,4,7,-7,-5
610107418435,7,51,-13,53,17,5,4,5
610107434802,-1,-51,19,6,5,2,-1,0
610107434802,5,41,-6,14,5,9,3,2
610107436407,-1,35,1,54,29,27,3,4
610107436407,2,-20,18,4,11,6,5,4
610107448472,-4,-1,-9,-17,1,-8,1,-4
610107448472,-1,-3,-7,-4,3,-21,-4,-1
610107457411,3,-4,9,31,8,11,2,3
610107457411,0,7,4,-9,7,8,3,5
610107471671,-1,13,3,4,2,-7,5,2
610107471671,-4,-14,4,38,-3,17,-8,-2
610107478456,3,-4,-3,-36,-14,-18,-1,-2
610107478456,-1,1,-3,-1,6,3,-2,-3
610107494776,0,-17,2,-2,-14,-2,-4,-2
610107494776,4,22,-7,-35,-4,-3,2,4
610107496391,-4,-29,11,1,-6,-6,1,-3
610107496391,3,22,-8,-1,-10,-1,1,2
610107508459,1,-22,7,10,14,20,1,3
610107508459,1,18,-1,1,-8,6,3,-4
610107517481,-1,-6,0,2,1,3,0,-3
610107517481,-5,-15,-7,-2,4,9,-3,-1
610107531846,-3,-4,-9,-17,-31,-28,-8,-11
610107531846,4,3,2,31,18,21,2,-1
610107538722,0,-9,2,2,-11,1,-3,1
610107538722,0,3,-5,-4,15,14,-4,-2
610107554914,2,-9,4,-12,-5,-10,-3,1
610107554914,-3,7,-7,2,-3,1,-1,0
610107556466,-8,-12,-2,3,4,3,-2,-4
610107556466,1,-2,-5,-13,-34,-26,-5,-6
610107568566,3,9,6,23,20,19,2,2
610107568566,-1,-3,4,-1,2,3,1,1
610107577518,0,6,3,4,5,4,6,3
610107577518,-5,-2,-4,7,-3,-2,-2,0
610107591716,-4,-2,0,-20,-9,-13,0,-5
610107591716,-4,1,-6,0,4,-1,-1,-4
610107598486,-1,-12,-3,0,-28,-21,-7,-6
610107598486,3,13,5,33,25,32,4,2
610107614901,0,3,0,7,5,2,5,4
610107614901,-4,-8,-5,-3,-2,-6,-4,-1
610107616442,-3,-6,-5,46,1,21,-2,-2
610107616442,0,1,3,-32,-14,-21,3,2
610107628656,2,3,5,10,9,7,4,5
610107628656,-6,-10,-3,15,-16,3,-6,-7
610107637544,-2,1,2,-23,6,4,-4,2
610107637544,1,5,3,2,1,0,4,2
610107651721,0,-3,4,1,-6,-3,-2,0
610107651721,3,12,0,17,23,31,8,5
610107658620,4,1,1,-31,-8,-18,3,-2
610107658620,-6,-6,4,6,5,4,-2,-2
610107675026,-7,-15,-12,4,-1,7,-7,-7
610107675026,1,-2,0,-30,-11,-37,-3,0
610107676474,4,3,5,16,17,14,0,0
610107676474,1,1,-3,1,-6,-1,0,2
610107688966,1,9,1,-7,26,11,9,3
610107688966,1,2,3,-15,-12,-16,1,-2
610107697445,-3,-2,1,-2,1,1,2,1
610107697445,-4,-6,-9,-5,-1,-5,-5,-4
610107711708,0,-8,-2,-8,-30,-32,-7,-1
610107711708,7,11,8,35,25,28,4,4
610107718435,1,4,0,-5,-3,-1,-3,2
610107718435,-1,7,0,-1,4,-2,1,3
610107734807,3,-4,-2,9,-16,-11,-3,-2
610107734807,-1,5,2,-4,-3,-4,1,1
610107736383,-3,-4,-2,-7,-5,-7,-2,-3
610107736383,-2,-9,-8,14,-23,-9,-5,-9
610107757054,3,5,2,2,15,15,2,5
610107757054,-2,0,0,-6,-9,-6,1,-3
610107764964,-1,-4,0,0,-6,-5,-1,-1
610107764964,-4,-1,1,16,1,16,-1,-1
610107771619,0,1,4,-13,-6,-8,0,-2
610107771619,-6,-5,-1,1,-1,1,-2,-6
610107778469,-13,-19,-11,18,-8,8,-14,-13
610107778469,4,2,0,-49,-2,-17,3,-3
610107794843,-3,-3,-2,8,-6,5,-3,2
610107794843,1,1,2,3,-3,-1,1,1
610107796483,3,-5,-5,12,14,27,5,3
610107796483,-1,1,-5,-9,-5,-10,-3,-1
610107808442,2,8,4,3,2,2,5,-2
610107808442,-6,-10,-11,1,0,5,-6,1
610107817442,-2,3,2,-29,-8,-29,1,2
610107817442,0,3,4,19,4,6,3,-1
610107831696,-5,-3,2,8,6,9,0,-1
610107831696,0,0,-3,14,11,23,-2,-4
610107838450,-1,-6,-3,-37,-22,-29,-3,-2
610107838450,-1,1,1,3,6,5,2,0
610107877480,-5,-12,-6,-4,2,-3,-7,-7
610107877480,7,13,4,4,9,8,4,5
610107883596,1,-2,3,7,6,6,7,2
610107883596,2,3,1,10,-2,6,1,0
610107899892,-1,-2,0,-2,25,16,6,-1
610107899892,0,-5,-8,-4,-15,-16,-2,-1
610107901457,-2,6,3,10,15,15,3,2
610107901457,-4,-10,-6,-2,4,1,-7,-4
610107914866,0,-4,-8,-36,-12,-28,-7,-3
610107914866,-8,-15,-9,-5,-1,-5,-4,-2
610107916509,1,8,5,-7,3,-10,5,2
610107916509,1,-1,-2,10,0,0,-4,-4
610107929271,-5,-10,-12,4,-4,1,-7,-4
610107929271,10,-6,-1,-24,-3,-9,-3,3
610107929956,-3,-14,-13,-10,-13,-14,-15,-13
610107929956,-4,-10,-7,-7,-2,-3,-6,-2
610107944415,-4,-9,-12,-42,-40,-40,-6,-6
610107944415,-7,-22,-4,-5,-15,-26,-9,-5
610107951124,-9,6,-16,2,-9,2,-11,-10
610107951124,-12,-22,-6,-7,-7,-9,-11,-8
610107958562,-7,-1,-5,-11,-28,-31,-5,-5
610107958562,-12,-19,-9,-41,-15,-16,-7,-9
610107967498,-12,-20,-12,3,-23,-15,-11,-8
610107967498,-14,-23,1,5,-4,-1,-7,-7
610107974851,-10,17,-11,8,0,8,-5,-7
610107974851,-29,-55,11,-28,-34,-19,-22,-19
610107976454,1,45,-8,11,-16,-30,3,6
610107976454,-3,-21,16,-11,-15,-10,-3,-2
610107988662,4,-7,-6,22,11,8,8,4
610107988662,10,41,-22,23,4,-7,3,5
610107997604,7,-24,0,32,14,11,0,2
610107997604,0,5,-20,-1,-8,-5,6,0
610108011859,-7,17,-20,6,-6,-2,-4,-1
610108011859,0,0,8,45,12,10,1,-1
610108018666,-6,-30,0,-10,-8,0,-4,-7
610108018666,5,52,-12,1,4,-10,5,4
610108034348,-3,-53,23,-42,-1,-14,-3,-6
610108034348,0,22,-16,-12,-5,0,3,-1
610108041002,-8,-9,1,-4,14,7,-6,-6
610108041002,-1,-2,-1,-34,-12,-28,-4,-4
610108064841,2,-1,-3,14,-3,4,-2,1
610108064841,-6,-9,7,1,-9,-10,-3,-2
610108066400,1,-19,3,33,-8,4,-1,0
610108066400,4,16,-4,-10,-7,-6,3,-1
610108071668,2,-12,10,10,-1,-2,2,1
610108071668,3,4,-13,2,-17,-8,-2,-4
610108078444,5,7,5,-30,10,4,5,6
610108078444,-3,-8,4,4,1,8,-1,5
610108094130,-2,15,-4,7,8,-2,1,0
610108094130,-3,-12,3,31,5,15,-3,-4
610108100966,-2,9,-2,-25,-7,-13,3,-1
610108100966,-4,-16,-2,4,-6,-2,-6,0
610108117272,-4,-11,-8,12,-26,-9,-12,-8
610108117272,-1,10,4,20,22,17,3,0
610108118885,2,-1,-3,-3,-2,-3,-1,-1
610108118885,4,7,1,6,-3,0,1,0
610108131682,0,-4,-1,25,-3,2,1,-1
610108131682,2,-4,0,-20,-2,-8,3,7
610108138507,-6,6,-4,3,1,1,-3,-2
610108138507,0,-17,-7,-16,-12,-28,-4,-4
610108154189,3,8,3,27,16,24,5,0
610108154189,1,-1,4,-8,-6,-7,-1,-3
610108160968,-4,-4,-1,-6,9,-7,1,0
610108160968,-2,-2,-2,16,-4,0,-1,-2
610108177364,-4,0,4,-9,-2,-4,-1,3
610108177364,-2,-4,-2,-4,9,1,-3,-1
610108178929,9,3,5,-37,1,-14,3,4
610108178929,3,15,4,15,9,14,2,2
610108191655,3,7,-3,-3,0,-1,2,-4
610108191655,-2,-17,-10,19,-8,-5,-4,-1
610108198475,-7,-6,-1,1,-6,-1,0,-1
610108198475,-8,-11,1,0,0,0,-4,-6
610108214149,-7,-11,-11,2,-15,-5,-12,-6
610108214149,4,10,4,8,11,10,2,6
610108220980,-1,-1,-5,7,-4,1,2,-4
610108220980,-1,-11,-3,2,18,11,1,-5
610108236485,5,4,0,12,-2,-3,1,2
610108236485,0,5,3,-12,-1,-5,6,1
610108244963,-4,1,-6,17,3,9,-6,-4
610108244963,-3,-5,-3,-16,-17,-25,-5,-1
610108251865,0,8,4,-1,5,5,1,2
610108251865,-1,-1,-1,-8,-9,-9,-2,1
610108258655,-4,-4,-3,27,-10,-1,-3,-2
610108258655,5,5,0,8,-2,5,4,2
610108274265,-8,-8,-7,-9,5,-5,-4,-5
610108274265,-2,-6,-7,1,-26,-16,-5,-5
610108281267,5,8,2,15,12,13,4,4
610108281267,5,7,3,8,3,7,4,3
610108297450,-3,0,-2,-3,3,-4,-4,-2
610108297450,-1,2,-1,-20,0,-11,-3,-3
610108298947,-7,-10,0,-4,-3,-3,0,-6
610108298947,-6,-12,-8,3,4,4,-4,-6
610108311803,-4,-9,0,-20,-25,-26,-4,-5
610108311803,0,5,0,23,20,21,2,3
610108318554,-2,1,-1,-3,-9,-6,-4,1
610108318554,-2,6,3,-4,12,-1,3,1
610108334369,2,0,6,-2,0,2,0,2
610108334369,4,-7,3,0,3,1,0,1
610108341104,-10,-14,-5,4,3,8,-4,-6
610108341104,-5,-11,-8,-27,-23,-22,-5,-2
610108357514,4,11,7,3,9,9,0,4
610108357514,4,2,4,-9,-8,-8,1,3
610108359038,2,0,-1,-9,9,12,-5,0
610108359038,3,0,1,-18,-13,-14,3,1
610108372313,-3,-10,-4,0,1,0,3,-4
610108372313,-7,-11,-13,-1,0,7,-7,-6
610108378646,4,9,4,-30,-4,-20,2,6
610108378646,2,-3,2,23,14,17,-3,1
610108394167,-2,-2,0,4,3,5,2,2
610108394167,-4,-8,-1,-1,-9,-1,-4,-3
610108400987,1,4,0,-6,-4,-9,1,-1
610108400987,0,-4,-2,6,-1,3,1,4
610108440526,-5,-8,-5,3,-22,-12,-3,-4
610108440526,4,9,3,5,10,5,3,1
610108442945,-1,4,1,3,-9,-2,1,-1
610108442945,-2,8,8,2,-4,0,1,4
610108453463,3,28,9,51,14,27,4,1
610108453463,-1,6,-3,-10,0,-4,1,2
610108462447,-4,-15,-9,11,1,3,-7,-7
610108462447,-4,-14,-16,-3,-30,-19,-11,-10
610108477363,1,-2,3,4,13,9,4,4
610108477363,6,11,11,8,1,3,9,6
610108478916,3,2,7,5,-2,0,6,9
610108478916,3,9,12,7,7,8,7,7
610108492348,9,19,9,1,45,40,8,6
610108492348,6,24,15,24,25,32,8,4
610108493970,6,7,11,5,5,9,8,6
610108493970,2,13,14,5,16,24,8,6
610108505938,4,0,7,-5,-5,-8,3,1
610108505938,-4,6,-8,-14,-22,-18,-3,-2
610108521007,8,-4,15,1,-1,0,7,6
610108521007,6,39,4,48,31,20,5,6
610108529832,-2,-19,9,-62,-21,-38,-4,-2
610108529832,-4,16,3,-5,8,1,-2,-4
610108531415,0,-18,13,-20,-10,-2,0,-3
610108531415,8,37,4,-6,22,4,5,6
610108537346,9,-29,22,24,40,57,3,7
610108537346,10,37,-17,-7,5,-2,2,5
610108538947,9,-7,8,44,16,13,6,6
610108538947,-2,-10,-13,3,6,34,0,-2
610108551022,6,62,-14,57,15,13,6,5
610108551022,3,-17,20,12,1,2,5,6
610108559957,0,12,-12,-68,1,12,-2,-5
610108559957,8,57,-1,63,28,14,7,4
610108574269,-3,-45,7,-16,-13,-22,-6,-4
610108574269,0,-24,0,-18,-2,0,2,3
610108581078,14,77,-8,6,20,0,16,12
610108581078,-2,-72,24,-28,-10,-25,-5,-6
610108597404,-2,7,-18,-12,-4,1,-2,3
610108597404,-5,0,0,23,12,13,-5,-7
610108598972,2,5,0,-20,0,-2,-4,0
610108598972,-5,-15,-1,-16,-14,-7,0,-2
610108611174,-2,15,0,5,0,-5,0,1
610108611174,-2,-19,2,3,15,29,2,-1
610108620099,-3,-3,-7,10,-6,-2,-5,-3
610108620099,-5,-18,0,-16,-5,-3,-5,-6
610108634385,6,4,-5,-31,-12,-19,6,-1
610108634385,2,6,5,24,14,12,5,5
610108641182,0,-5,7,16,2,8,-2,-2
610108641182,-5,4,-8,-4,-5,2,-8,-5
610108657461,-1,-8,5,-5,-8,-13,-5,-3
610108657461,3,3,6,-10,-6,-10,4,-2
610108659003,-10,-16,-11,13,3,4,-9,-5
610108659003,1,-9,2,5,10,8,3,2
610108671172,-1,15,-6,-4,-3,1,1,10
610108671172,-1,-9,3,-10,-9,-12,0,2
610108679978,1,-6,-3,51,-6,15,-4,-1
610108679978,1,7,4,-19,-10,-11,1,1
610108694166,-5,-5,-3,2,5,6,-2,-5
610108694166,3,1,-8,-17,-30,-27,-4,-3
610108700986,0,-5,2,-6,11,1,-3,1
610108700986,2,5,3,-1,-5,-1,0,1
610108717368,1,13,5,2,-4,-1,7,5
610108717368,-3,-11,-7,13,11,21,-2,-1
610108718963,0,15,-4,-9,-9,-10,4,-1
610108718963,-5,-4,-10,-2,-1,1,-4,-1
610108731174,2,1,-3,-13,2,-10,1,-2
610108731174,8,5,0,13,10,10,5,3
610108740011,3,-2,6,1,0,-1,1,5
610108740011,-5,-6,-11,-7,-14,-11,-7,-4
610108754238,1,-1,3,-22,-7,-11,-1,3
610108754238,-3,2,0,-8,0,-8,-2,-3
610108760970,-7,-17,-8,7,-21,-5,-10,-6
610108760970,6,4,10,29,11,23,3,3
610108777384,-2,4,1,10,-3,5,-3,0
610108777384,1,6,5,-14,0,-13,-1,-2
610108778967,0,7,6,8,-1,-3,3,1
610108778967,3,4,11,-4,-5,-5,2,1
610108791435,-6,-6,-5,11,12,12,2,-2
610108791435,5,13,1,-43,4,-6,4,4
610108799965,4,0,2,17,13,12,0,0
610108799965,2,4,2,-2,-2,0,5,5
610108814187,-3,-5,-5,10,11,22,-3,-4
610108814187,-2,1,2,-3,-11,-18,1,4
610108820959,-4,-1,-4,-12,-4,-8,1,-2
610108820959,-4,-25,-13,2,-16,-7,-7,-5
610108837321,5,9,6,12,12,10,2,3
610108837321,0,6,2,4,2,3,-1,3
610108838912,1,4,7,-16,19,4,1,1
610108838912,4,12,8,-6,4,0,2,5
610108850993,2,2,3,-3,-4,-5,1,3
610108850993,-6,-9,-7,17,10,14,-4,-3
610108859937,4,-10,-2,-17,-14,-30,3,-3
610108859937,2,17,0,-10,4,-3,4,3
610108874198,0,-17,1,-1,-12,-8,-2,-2
610108874198,-3,-16,-8,-7,-13,-2,-5,0
610108881022,-3,4,4,-3,-7,-2,2,1
610108881022,-6,-7,-8,-2,-1,5,-2,-6
610108897355,6,5,4,-29,-3,-2,3,2
610108897355,2,7,8,13,11,10,2,-3
610108898959,0,0,-2,-2,-3,0,-1,0
610108898959,2,-5,-3,19,-4,-4,0,-3
610108910960,4,18,4,7,7,6,9,4
610108910960,-4,-14,-4,-1,3,2,-8,-4
610108920009,0,-2,-5,-49,9,-8,-7,-2
610108920009,4,3,-3,3,12,12,0,0
610108934243,0,-1,-4,5,-5,-2,2,-1
610108934243,4,12,5,-9,-4,-11,7,-1
610108941176,-2,2,-5,36,1,16,-7,-3
610108941176,0,-5,7,-34,-16,-47,-7,3
610108956772,1,3,2,-19,-10,-16,-5,-1
610108956772,-1,-14,3,-1,-3,0,-5,3
610108963573,-5,-5,-3,2,9,5,7,-6
610108963573,-2,0,1,-16,-22,-20,6,-1
610109003089,-2,2,0,28,15,9,-1,-1
610109003089,-1,10,0,2,3,-4,0,4
610109005560,7,7,5,-8,-11,-8,9,3
610109005560,-2,5,0,19,43,28,0,2
610109016062,-1,-2,-4,-11,-13,-26,-7,-3
610109016062,-3,1,2,2,8,6,7,-4
610109025086,-8,-10,-8,7,2,2,-18,-10
610109025086,2,2,-8,-64,4,-11,-3,-5
610109039983,4,-23,-6,-4,2,5,-4,0
610109039983,-2,5,-7,-8,-1,-2,-5,-5
610109041481,-8,-6,-2,-3,-1,-12,-8,-7
610109041481,-8,-21,-2,13,-1,3,4,-5
610109054859,-6,-20,-14,-31,-36,-28,-11,-12
610109054859,-3,-10,-8,-22,-6,-20,0,-9
610109056447,-4,-19,-2,-2,-2,-2,-3,-5
610109056447,-7,-13,-8,-42,-46,-46,-9,-12
610109068556,-12,-15,-4,14,-12,0,-1,-5
610109068556,-9,-13,-8,4,-9,-4,-12,-10
610109077577,-10,-10,-13,-5,-9,-6,-11,-7
610109077577,3,2,6,7,8,7,3,6
610109091736,-11,-5,-9,-4,3,-6,-2,-12
610109091736,0,-15,-2,0,-4,-4,1,-1
610109092544,-17,-27,-10,16,-4,-11,-10,-14
610109092544,-7,-19,-10,22,-7,24,-13,-7
610109107388,-11,-1,0,7,6,8,-7,-8
610109107388,-10,-19,-4,-31,-26,-36,-13,-6
610109108944,2,0,-1,15,-27,1,-1,-1
610109108944,-14,-10,-7,15,1,-1,-7,-7
610109122444,-1,-16,1,7,6,6,-2,-1
610109122444,11,16,-2,-3,-4,-3,5,6
610109130138,-16,-19,-9,-6,-21,-5,-7,-8
610109130138,-5,-14,-3,12,-1,4,0,-6
610109151678,3,14,0,10,14,17,12,4
610109151678,-18,-22,-5,0,-21,-27,-6,-16
610109159991,-4,-35,2,12,-28,8,-3,0
610109159991,0,28,0,11,8,14,3,2
610109182331,-22,-13,2,-5,-9,-12,-7,-9
610109182331,-11,-45,-5,-35,-41,-16,-5,-3
610109183936,14,29,6,-10,10,0,9,13
610109183936,-21,-31,-8,3,-18,-4,-12,-20
610109189090,-4,-37,-8,-9,-32,-1,-11,-12
610109189090,3,22,3,39,34,31,5,5
610109189910,-1,3,4,-2,11,3,0,2
610109189910,-1,-5,1,-4,-11,-10,1,-1
610109196666,3,5,1,5,5,3,2,4
610109196666,4,5,-4,33,25,41,0,-1
610109203459,0,2,-5,-22,-16,-22,-5,-3
610109203459,4,5,3,5,4,2,5,6
610109219833,-7,-5,-4,6,7,3,-7,-5
610109219833,-2,-1,-4,10,-16,-4,-6,-3
610109221444,-3,-1,-5,-22,3,-11,3,-2
610109221444,4,0,1,5,3,7,1,4
610109234191,6,10,-1,-4,-1,-3,3,3
610109234191,0,7,2,-3,23,12,5,1
610109240947,-1,-4,-2,26,3,12,-3,-5
610109240947,2,-1,-1,-30,-14,-27,0,3
610109272476,-6,-3,-6,6,-3,-1,1,-1
610109272476,-6,-12,-8,-2,1,1,-7,-5
610109280004,-3,-5,-3,-43,-26,-39,-3,-7
610109280004,2,-3,-6,40,22,33,0,2
610109280700,4,1,2,4,-1,2,1,2
610109280700,-4,-1,-3,5,1,7,-1,0
610109281399,-3,1,1,-2,22,3,3,2
610109281399,-5,-5,-6,53,0,30,-2,-4
610109294223,2,6,-1,-26,-3,-17,-2,4
610109294223,-4,0,2,5,-1,2,3,0
610109301101,-4,-11,-4,12,-4,16,-4,-4
610109301101,-1,-2,0,-37,-8,-18,-4,-2
610109316719,5,7,3,17,4,14,5,6
610109316719,3,5,3,-8,-9,-7,0,-6
610109323660,-1,4,1,6,17,6,1,0
610109323660,-3,-1,1,-6,-4,-6,3,-2
610109339957,-2,-2,-3,41,17,38,-1,-3
610109339957,-1,-1,-3,-7,-3,3,2,-3
610109341457,-1,6,-1,5,10,12,5,6
610109341457,-7,-10,-10,6,-11,6,-8,-9
610109354353,0,2,-3,-50,-5,-24,4,-1
610109354353,6,4,1,13,10,8,-2,4
610109361046,1,4,6,11,3,9,8,3
610109361046,5,4,2,-8,-2,-6,-2,0
610109376837,-9,-7,2,40,0,15,-6,0
610109376837,-4,-4,6,-20,-12,-15,0,-1
610109383684,-5,0,2,-6,-7,-5,-3,-3
610109383684,-4,-8,-9,4,-16,2,-5,-4
610109399945,2,0,-8,-39,-5,-13,-2,-2
610109399945,0,3,-3,26,12,21,4,1
610109401514,2,2,-9,1,-10,-1,1,1
610109401514,0,5,-6,-11,21,-1,5,3
610109414361,3,3,-2,1,-2,6,-2,2
610109414361,0,3,-1,-9,-6,-6,0,1
610109421064,-5,-9,6,5,5,8,-2,-3
610109421064,-9,-13,2,7,-17,-9,-8,-6
610109436893,0,9,7,14,13,12,3,-3
610109436893,-2,-3,-3,-4,-5,-4,-1,-3
610109443525,1,-1,2,2,-3,0,-1,4
610109443525,2,-1,1,8,21,17,3,2
610109459912,1,-2,-3,-13,-7,-14,4,0
610109459912,3,8,3,0,-2,-1,0,2
610109461456,-4,-11,-11,10,1,10,-9,-8
610109461456,-1,-1,-2,-14,-23,-19,-3,-1
610109473508,0,-3,-1,-11,-8,-20,-1,0
610109473508,3,0,-7,12,4,2,1,-1
610109482464,1,6,0,-8,-7,-9,5,1
610109482464,5,6,1,-7,20,-1,2,4
610109496665,-1,-2,-2,13,-6,-13,-5,-1
610109496665,-5,-3,-1,0,-7,-6,-5,-2
610109503499,-4,-6,3,1,1,-1,0,-3
610109503499,-2,-7,-2,2,-10,2,-3,-5
610109519982,2,1,2,-32,-12,-26,-3,1
610109519982,-2,-3,-3,21,19,22,0,0
610109521575,4,7,-1,4,-1,-2,4,2
610109521575,2,8,2,2,4,1,6,-1
610109533684,-4,-1,-1,33,5,36,1,-4
610109533684,-2,-4,-4,-16,-22,-21,-5,-1
610109542550,2,1,0,-5,4,-1,2,1
610109542550,-1,-4,-4,4,-10,-2,-7,-6
610109578601,2,3,0,-32,-3,-25,-1,1
610109578601,6,5,0,5,9,3,5,2
610109589063,4,3,3,20,6,13,1,1
610109589063,4,2,1,-9,2,-5,3,5
610109602351,-7,-9,0,10,13,9,-2,-2
610109602351,-1,-4,-1,-6,-16,-12,-4,-3
610109603970,-2,5,1,-22,-10,-20,-4,-2
610109603970,-2,1,2,2,0,2,-2,-2
610109617553,-3,-7,-7,2,7,5,-5,-6
610109617553,4,10,3,-11,1,-2,3,6
610109618990,0,0,-1,4,2,10,-1,0
610109618990,9,19,8,0,2,0,14,10
610109631179,11,18,7,9,0,4,8,12
610109631179,6,6,7,-11,26,28,6,5
610109640024,3,11,-8,1,21,6,3,4
610109640024,8,17,-3,-3,27,7,5,5
610109655004,0,9,-2,5,-1,3,3,4
610109655004,2,2,-5,8,15,21,2,2
610109656441,4,3,0,-2,30,30,2,5
610109656441,3,0,1,54,17,43,2,3
610109669159,9,13,-1,1,2,6,3,-2
610109669159,3,6,-1,-13,6,-25,2,-2
610109669956,11,16,3,-4,21,1,10,5
610109669956,-7,4,-2,-4,37,8,2,0
610109683496,7,10,-6,-10,4,18,0,4
610109683496,1,4,1,-1,-2,-26,2,0
610109691686,1,-3,-4,13,4,30,-2,-1
610109691686,3,12,7,44,25,51,3,6
610109706672,0,3,1,15,15,20,3,4
610109706672,6,-1,-7,-12,12,38,1,1
610109707438,8,19,2,-8,15,-11,8,5
610109707438,-5,-7,-1,-22,7,-7,-6,-3
610109729150,5,-4,-7,-18,4,9,1,3
610109729150,6,20,-1,27,26,7,7,8
610109729940,-17,-28,-4,11,-47,-23,-20,-17
610109729940,0,-14,-9,-12,-6,37,-3,-3
610109737511,5,26,9,36,17,14,10,6
610109737511,-16,-28,-6,-56,-64,-88,-23,-14
610109743473,1,-22,-11,-32,-17,30,0,0
610109743473,13,23,0,36,18,14,9,6
610109759160,-12,-15,-5,-9,-26,-29,-13,-20
610109759160,-3,-33,-2,4,-14,0,-5,-4
610109759967,-2,6,-2,-4,3,-1,-3,2
610109759967,4,30,-1,-31,-21,-78,2,2
610109781773,2,-22,3,6,20,18,0,1
610109781773,3,18,5,17,22,32,5,5
610109782500,5,11,1,2,21,-13,0,2
610109782500,-6,-17,-5,16,-10,6,-8,-9
610109797524,4,-2,1,-23,-4,-17,6,6
610109797524,-6,2,-5,5,-4,-2,-6,-1
610109803595,1,-6,1,-10,-27,-43,-4,0
610109803595,0,11,1,2,-2,4,2,1
610109819365,4,4,0,-7,-1,-6,2,7
610109819365,4,11,0,-7,17,8,7,3
610109820097,-2,7,0,31,6,8,1,0
610109820097,3,-8,5,-21,2,-9,7,4
610109841743,-1,4,-6,8,-2,2,-3,-3
610109841743,-1,-7,-5,12,-21,5,-6,-8
610109842539,3,-2,2,3,7,1,2,3
610109842539,-1,-6,5,-16,-11,-16,-1,-2
610109857521,3,9,1,-7,-15,-18,1,4
610109857521,-7,-4,2,22,-2,14,-4,-2
610109863693,-1,5,3,-21,-17,-11,-1,-5
610109863693,-1,-3,-3,-11,-10,-8,3,3
610109879313,-6,-7,-3,11,-4,12,-3,-5
610109879313,5,10,3,-6,9,1,4,7
610109880062,2,6,3,7,0,5,3,0
610109880062,2,0,-1,-6,-10,-7,-1,0
610109901891,1,-5,-4,-1,25,11,0,1
610109901891,0,4,-3,-10,-10,-7,-2,0
610109902534,-2,-1,0,-1,-3,-5,-1,-2
610109902534,-5,-16,-7,3,-8,9,-8,-6
610109917591,4,6,0,-26,15,-5,3,1
610109917591,3,2,4,35,19,30,3,7
610109923649,1,2,1,6,8,7,2,0
610109923649,-1,-9,-4,-4,1,1,0,-5
610109938552,-1,2,2,41,4,37,-1,-6
610109938552,-3,-2,-4,-12,-3,-11,2,-3
610109946034,-6,-5,-4,5,8,11,-1,-5
610109946034,-7,-5,-4,5,-16,1,-6,-5
610109961688,4,5,0,4,14,22,5,3
610109961688,0,7,1,9,7,10,4,3
610109962449,1,6,2,2,-5,0,5,2
610109962449,1,2,3,10,13,18,-1,1
610109977516,0,5,2,-21,-14,-21,0,-1
610109977516,-3,-10,-5,-3,3,4,-5,-3
610109983484,-2,-5,-5,-3,-19,-17,-1,-1
610109983484,4,3,1,-16,4,-7,3,2
610109998555,4,5,4,6,-2,0,3,2
610109998555,2,3,-3,-11,-14,-12,-1,-3
610110006124,1,-5,-3,35,17,42,-3,-3
610110006124,8,14,5,-6,3,-4,4,1
610110021890,-9,-11,-6,-2,-9,-9,-9,-6
610110021890,2,0,0,-31,-11,-34,0,0
610110022582,3,9,2,8,14,7,3,2
610110022582,-2,8,4,4,4,3,2,2
610110037573,-2,2,0,2,-11,-7,-1,4
610110037573,-1,0,-2,-7,-10,-5,-3,-4
610110043699,0,-6,2,-2,4,3,-2,-1
610110043699,-3,-10,-4,-2,-17,-6,-6,-2
610110058751,1,-1,-1,-5,-1,2,-1,0
610110058751,2,4,4,7,12,13,7,4
610110066208,1,7,-3,-12,-13,-12,1,2
610110066208,2,-2,0,15,10,27,0,3
610110081836,1,1,4,-6,-4,-8,3,1
610110081836,-8,-11,-4,12,5,13,-5,-7
610110082496,0,-7,-7,-11,-14,-21,-1,-2
610110082496,-1,0,-3,-11,0,-13,1,-1
610110097480,3,5,-1,12,4,8,2,1
610110097480,4,7,1,-8,-10,-6,3,3
610110103782,-5,-4,-3,32,10,26,-1,-3
610110103782,2,1,-2,-15,-4,-12,-1,-3
610110118651,-3,-6,-7,-4,-7,-9,-1,1
610110118651,1,-9,-7,1,-24,-15,-1,-5
610110126031,-1,-4,-2,-11,0,-3,-2,-1
610110126031,-2,10,5,17,3,9,6,5
610110165106,-2,-2,0,1,-8,-2,0,0
610110165106,-6,7,2,23,-7,4,-6,-4
610110166504,2,7,7,0,3,4,2,2
610110166504,-4,-17,-6,-7,-3,-8,-8,-4
610110187394,-5,-6,1,-9,5,-3,-5,-10
610110187394,2,0,3,6,6,11,7,0
610110188935,0,0,3,-3,-8,-5,-1,5
610110188935,-2,-1,-3,2,13,14,-3,2
610110193549,2,3,-1,-26,-17,-20,0,2
610110193549,-11,-13,-6,2,11,9,-11,-9
610110202485,-6,-11,-4,-5,-32,-40,-8,-12
610110202485,-12,-27,-6,1,-17,-10,-19,-9
610110217352,-10,-18,-4,16,2,8,-9,-4
610110217352,-1,-8,-4,-44,-35,-38,-5,-6
610110218952,-10,-13,-11,-1,-26,-30,-4,-8
610110218952,-11,-22,-7,-3,-20,-12,-12,-9
610110232340,-10,-7,-6,5,-11,-6,-4,-6
610110232340,-9,-23,-4,11,6,9,-6,-7
610110233945,-2,-1,-1,27,10,18,-5,-1
610110233945,-8,-25,-6,2,-15,-8,-1,-10
610110246684,-9,-4,-4,6,-11,-3,-9,-6
610110246684,0,-8,-3,14,-6,8,-4,-1
610110247449,1,11,-4,24,16,11,1,2
610110247449,-5,-18,2,0,-6,-5,0,0
610110261713,0,21,-5,7,-8,1,1,1
610110261713,-20,-50,0,-9,-23,-10,-11,-10
610110262470,-4,37,-7,-10,-9,1,-2,-5
610110262470,-6,15,5,-5,-9,-10,-1,0
610110277511,-5,-35,10,8,4,-3,2,-1
610110277511,6,73,-3,19,9,-12,7,9
610110283514,-4,-43,9,-53,-12,-22,-2,-4
610110283514,-2,-6,1,6,0,-5,8,2
610110298564,-4,47,-7,-2,-5,4,3,2
610110298564,2,-14,18,5,4,6,5,5
610110306070,-4,-34,-1,27,27,52,-2,0
610110306070,11,98,-12,0,4,0,10,6
610110321694,-7,-51,4,2,-7,-6,-9,-6
610110321694,-2,-2,-4,13,24,34,3,1
610110322467,6,22,-2,-5,4,-4,1,8
610110322467,-1,-19,9,-10,2,-3,0,2
610110337519,2,-8,-5,4,-4,3,3,1
610110337519,0,11,2,1,1,-3,3,0
610110343640,-11,-23,-3,-6,7,4,-6,-7
610110343640,0,5,0,-11,3,8,0,-1
610110358709,3,-3,2,-3,-6,-9,-1,4
610110358709,3,3,2,-1,-7,-1,1,4
610110366251,-2,6,-2,5,-9,-10,0,2
610110366251,-5,-22,-1,2,-12,-9,0,-1
610110383293,-3,5,-5,2,8,4,-2,-6
610110383293,4,-7,-2,-34,-4,-24,3,2
610110383999,2,6,0,15,9,13,4,3
610110383999,1,5,4,8,3,4,1,1
610110397617,-5,-19,-6,-3,-14,-8,-8,-6
610110397617,-6,3,-6,-13,-16,-9,-3,-4
610110403720,-4,-2,3,-13,-9,-12,-1,-1
610110403720,1,-14,-8,9,-21,-9,-5,-3
610110418741,4,9,3,17,11,8,3,2
610110418741,0,-9,2,2,-5,-6,-3,-1
610110426212,0,0,0,-15,-7,-10,0,1
610110426212,0,-2,2,29,4,10,-2,-2
610110441897,-2,5,2,-2,-4,-5,1,2
610110441897,-2,-8,-6,10,3,10,-9,-3
610110442512,2,-7,-6,-42,-24,-38,-4,-5
610110442512,-1,-1,-1,6,11,6,5,1
610110457583,8,4,3,2,-6,-3,2,2
610110457583,-5,-3,-3,0,21,11,-1,2
610110463729,1,-1,-1,-13,-4,-6,-2,0
610110463729,-2,-6,-1,-15,-8,-13,-3,-4
610110478521,-10,-10,-6,4,-15,-8,-8,-8
610110478521,5,6,-1,23,15,20,7,-3
610110486213,6,1,3,8,1,3,1,0
610110486213,0,0,1,-12,0,-6,5,3
610110501645,-3,-6,-2,-8,-14,-12,-2,-2
610110501645,1,1,-1,4,-7,-5,-2,-1
610110502432,-10,-12,-4,5,10,8,-6,-3
610110502432,0,1,1,-25,-3,-7,-2,1
610110517551,-2,8,2,-1,9,8,4,1
610110517551,5,3,0,-8,-20,-16,2,-2
610110523579,2,1,-2,22,0,8,-2,-1
610110523579,0,1,4,-7,5,0,1,3
610110538497,-5,-1,-2,-4,5,-2,-2,1
610110538497,0,0,-5,-29,-7,-29,-6,0
610110545972,3,7,5,18,12,16,7,2
610110545972,4,-2,1,6,-1,2,0,6
610110561649,-4,-9,-3,9,6,19,-4,-4
610110561649,-1,2,4,-10,-1,-5,1,3
610110562442,-4,-3,-2,-8,1,-3,-2,-3
610110562442,0,-2,0,-4,6,-7,-2,1
610110577493,8,12,4,21,15,17,6,5
610110577493,-1,0,-2,9,1,9,-2,2
610110583477,3,3,1,-15,13,4,4,3
610110583477,-4,3,-1,-11,0,-4,1,-3
610110598492,-2,-5,-1,-1,9,4,1,1
610110598492,-3,-8,-4,16,-21,-7,-3,-5
610110606010,1,6,2,-16,-1,-6,0,0
610110606010,1,1,2,10,8,9,1,0
610110621689,3,9,3,-15,-11,-12,2,3
610110621689,-2,-9,0,47,16,16,0,-2
610110622473,-2,-1,2,5,0,3,2,0
610110622473,-5,-6,-5,3,-9,-1,-8,-8
610110637522,4,-1,0,-23,14,-19,1,2
610110637522,2,10,2,3,12,8,1,3
610110643512,-3,4,3,13,1,2,2,1
610110643512,-2,-7,-2,21,14,29,-2,1
610110658571,-4,4,0,-2,-3,2,1,-5
610110658571,-2,-3,2,-1,7,9,-1,3
610110666035,2,-7,-4,-24,-19,-36,-3,-6
610110666035,6,3,-1,20,15,13,4,-1
610110681734,4,5,2,7,3,6,3,4
610110681734,-2,2,1,-17,7,-12,0,-2
610110682463,-3,1,1,17,2,12,-5,-1
610110682463,-1,4,-2,-6,-3,-9,2,0
610110697549,-7,-11,-5,13,-20,-5,-9,-5
610110697549,3,-1,0,-16,4,-2,-1,0
610110703513,2,5,1,9,-1,7,0,7
610110703513,1,6,4,-1,-3,-2,4,1
610110741157,0,1,-5,14,12,32,-1,-1
610110741157,-1,3,1,-14,-14,-9,1,-3
610110750118,-5,-4,-1,2,4,4,-4,-2
610110750118,1,-5,-4,-1,-30,-20,-5,-2
610110765032,5,9,5,36,13,15,1,6
610110765032,3,-1,0,8,5,6,2,1
610110766488,-2,0,-3,-4,-6,-3,1,1
610110766488,-4,-7,0,-8,-11,-13,-3,-6
610110779952,1,1,-2,-11,-6,-9,1,-1
610110779952,-6,-1,-6,8,7,9,-1,-3
610110781431,6,9,2,1,0,-2,6,6
610110781431,2,2,6,-18,14,11,-2,-2
610110794419,3,1,1,-7,-5,-2,-1,2
610110794419,8,4,-4,-23,-13,-27,1,0
610110801036,6,10,-1,1,-6,-3,-3,-2
610110801036,9,13,1,-16,14,2,4,3
610110817614,10,10,-1,2,14,16,4,4
610110817614,-1,-3,3,4,20,14,2,1
610110819041,0,11,0,37,3,11,-3,-3
610110819041,6,-1,2,12,7,9,3,5
610110832637,4,16,-3,10,-2,-26,-2,1
610110832637,2,-5,-2,1,21,34,-1,2
610110833255,2,11,1,-29,-8,-29,-3,0
610110833255,-1,-14,-8,5,3,1,-2,2
610110854960,2,23,-5,47,9,-4,2,0
610110854960,0,-27,-8,-17,-29,-39,-11,-8
610110855708,7,19,-6,-2,18,29,5,5
610110855708,0,5,4,41,20,5,1,1
610110861153,-3,-35,-3,-16,-1,-7,-8,-6
610110861153,5,47,-9,23,6,-18,3,4
610110868719,-7,-35,-4,-5,-34,-44,-13,-15
610110868719,2,-7,-4,-6,-1,-17,-1,-5
610110884357,-3,29,-6,-37,-12,-19,-3,-3
610110884357,-1,-12,6,11,3,-8,1,-3
610110885009,0,-44,-3,-34,7,49,-3,-4
610110885009,0,57,-18,-1,-2,-12,-1,0
610110898677,-13,-49,-3,-5,-25,-19,-17,-16
610110898677,-1,-50,-1,-13,-14,9,-10,-3
610110906201,8,51,-6,14,13,-1,13,10
610110906201,-6,-15,0,-6,-29,-44,-9,-5
610110921039,0,-29,2,-11,2,6,0,-1
610110921039,-5,28,-6,5,-3,-10,0,1
610110928708,-3,-17,1,-31,-6,-2,-6,-6
610110928708,4,-7,0,6,-1,11,2,1
610110944302,2,5,1,-12,-15,-13,6,3
610110944302,-4,1,-5,21,-2,18,-2,-1
610110945069,1,0,3,13,5,-13,0,2
610110945069,-6,-12,-2,-12,-2,5,-3,-6
610110958587,3,6,-1,-20,1,-23,1,1
610110958587,2,3,5,16,4,19,0,2
610110966098,-3,0,3,9,3,-3,1,-3
610110966098,-2,-2,0,1,31,25,1,3
610110981058,0,9,-1,-6,-6,-10,4,3
610110981058,0,-1,-2,-6,-2,-8,-1,0
610110988545,1,1,-4,-1,-4,-19,-2,1
610110988545,3,5,1,14,-2,5,1,0
610111004150,1,0,0,7,5,7,5,-1
610111004150,-1,8,4,-4,20,14,3,0
610111004943,0,4,4,3,-6,-14,4,-1
610111004943,0,-3,0,3,3,7,2,-2
610111018483,-2,-5,-4,7,0,15,-5,-2
610111018483,4,-2,-1,9,5,-3,2,-1
610111034198,-2,5,2,15,11,12,2,2
610111034198,-2,7,-3,-7,-12,-13,3,2
610111041028,-1,-3,-1,20,4,10,-2,0
610111041028,-3,5,0,-2,-4,-3,0,-1
610111048524,-8,-8,-3,4,2,1,-5,-6
610111048524,3,-7,2,-33,2,-9,-3,-1
610111064169,3,12,4,12,13,18,7,4
610111064169,-4,-2,0,4,2,4,0,-2
610111064937,-1,0,-2,30,3,20,0,0
610111064937,-3,-6,-1,-6,-12,-4,-8,-2
610111078682,-4,-3,-2,0,3,4,0,0
610111078682,-3,-3,-5,-29,-17,-41,-3,-6
610111086189,1,-1,-3,20,8,11,0,1
610111086189,-2,-1,1,9,0,5,4,-3
610111101220,1,4,0,3,16,23,1,3
610111101220,3,6,1,-19,-10,-9,-1,1
610111108735,-5,-6,-4,-9,2,-1,-3,-4
610111108735,-3,-7,-4,-13,-32,-32,-3,-3
610111124402,0,3,0,16,5,8,2,0
610111124402,5,5,0,5,-3,5,2,2
610111125073,3,-6,-1,-9,8,-2,-3,-4
610111125073,1,0,1,-21,-8,-13,-1,2
610111139118,1,1,-1,-15,-13,-18,-1,-4
610111139118,-1,-8,-4,4,-25,-6,-8,-5
610111146193,1,5,-1,23,16,14,2,4
610111146193,0,3,0,10,3,7,0,4
610111161212,-1,4,1,-12,-9,-11,0,-3
610111161212,-2,3,2,2,-6,-10,-1,1
610111168679,1,-4,-1,-8,-7,-8,-1,-4
610111168679,-8,-10,-4,6,9,9,-7,-4
610111184383,3,5,1,-24,-13,-14,-2,1
610111184383,2,6,2,4,8,10,3,4
610111185109,-3,5,2,-8,-14,-14,7,5
610111185109,0,-5,-5,21,-4,-3,1,-5
610111198718,1,-2,1,-2,2,-1,4,4
610111198718,-3,-4,-2,1,9,4,-4,-2
610111206221,-2,-5,-3,-24,-27,-35,-5,-4
610111206221,4,16,2,28,15,24,3,6
610111221243,4,3,-6,5,-2,-2,0,4
610111221243,-4,-4,-2,15,-1,7,1,-6
610111228732,1,5,-2,-1,8,4,3,1
610111228732,0,-12,-1,-1,-1,0,-3,-8
610111244238,-2,-3,-1,-12,-3,-20,-5,0
610111244238,1,6,-2,23,16,24,1,3
610111244996,1,1,3,4,1,6,3,1
610111244996,-2,-3,-1,11,2,16,2,0
610111258495,-2,2,3,-9,4,-2,1,1
610111258495,-5,-6,-3,-3,7,1,-3,-8
610111266036,0,-5,-1,-7,-23,-23,-12,-3
610111266036,0,-1,-1,-7,2,-3,-2,0
610111281035,0,0,0,9,5,7,2,-4
610111281035,-3,0,-3,-13,13,0,1,2
610111288531,-4,-5,-1,-11,-1,-5,-3,-3
610111288531,-7,-8,-3,-8,0,-5,-4,-3
610111327613,3,-5,-8,-10,-11,-17,-3,-3
610111327613,2,1,3,30,8,17,0,0
610111329120,1,-8,-1,-1,11,7,3,0
610111329120,-2,3,1,-12,-20,-27,-3,-4
610111341790,-3,-3,4,-5,-3,-6,-1,-4
610111341790,-1,-3,-2,-11,-11,-12,0,1
610111348692,-6,0,-6,-2,-14,-17,-4,-4
610111348692,2,7,-1,18,2,9,-1,0
610111365024,-1,5,2,8,-5,2,0,1
610111365024,-2,2,1,23,-7,0,2,0
610111366586,-6,-1,2,12,-3,-5,2,1
610111366586,-5,-16,-3,-9,-6,-10,-5,-5
610111380120,-8,-4,-2,2,-2,-2,-3,-1
610111380120,-1,3,1,-12,-8,-10,2,-1
610111381589,-6,-1,-3,-4,3,5,1,0
610111381589,-9,-16,-2,3,-1,0,-5,0
610111395014,-8,1,5,16,8,14,1,1
610111395014,-3,1,-2,-5,-3,-3,-3,4
610111396480,-6,-22,-1,-10,-2,-1,-1,-3
610111396480,-1,20,1,-29,-21,-33,-1,-3
610111408572,-4,-17,0,3,-2,-1,-1,2
610111408572,-5,14,3,-18,-12,-19,7,2
610111417571,-2,-15,0,3,4,15,3,3
610111417571,3,28,6,24,4,11,8,6
610111432609,-7,-35,6,4,-8,-3,-4,-5
610111432609,5,27,1,-2,-10,-5,6,6
610111433236,3,-10,11,23,6,6,6,5
610111433236,1,3,9,5,25,24,11,6
610111438759,4,56,3,15,32,14,5,6
610111438759,-5,-18,12,11,5,7,2,2
610111454453,6,19,-5,-2,-3,-5,0,2
610111454453,-3,31,3,-1,-2,1,8,12
610111461236,-5,-54,3,-47,-12,5,-1,-3
610111461236,5,17,-3,18,24,39,5,4
610111468708,4,46,7,1,2,4,9,8
610111468708,4,-53,22,8,-2,0,4,7
610111484407,9,32,-5,17,3,14,10,9
610111484407,7,72,7,17,21,17,5,10
610111485042,-13,-62,4,6,-8,12,-11,-13
610111485042,1,-11,-10,-12,18,33,0,-3
610111498592,8,31,-2,2,1,-3,8,5
610111498592,-9,-63,3,-22,-3,-12,-5,-3
610111506117,1,36,-3,2,-2,10,-1,2
610111506117,-5,-14,0,-3,0,-1,1,-3
610111521243,0,3,-6,7,-17,-20,-5,-4
610111521243,-1,-21,-2,3,-2,2,1,-3
610111528741,2,2,1,5,8,7,1,1
610111528741,-2,0,0,25,2,7,-2,-1
610111544367,-1,-4,0,-25,-8,-9,-2,-1
610111544367,-7,-10,-1,2,-7,-6,-2,-4
610111545009,-6,-9,-3,-6,-21,-22,-6,-5
610111545009,6,13,-2,30,10,18,2,4
610111558582,0,-5,4,20,10,13,4,-3
610111558582,-2,-10,-4,-24,4,-5,-3,-5
610111566220,4,7,1,-13,-4,-12,3,5
610111566220,1,2,1,-9,-5,-6,-3,0
610111581151,-6,-17,-10,21,-11,3,-10,-6
610111581151,1,-2,0,17,4,13,-2,1
610111588732,6,6,3,3,6,8,8,1
610111588732,-6,0,0,7,2,12,-4,-5
610111604378,-1,2,1,-17,-1,-7,4,0
610111604378,-2,-8,-5,-8,-14,-13,-8,-4
610111605092,-2,-8,-3,-7,-8,-24,-7,-4
610111605092,2,5,-1,6,2,1,6,2
610111618803,2,7,3,5,8,10,1,1
610111618803,-2,-10,-4,-13,6,8,0,-1
610111626268,0,13,1,-13,5,0,6,2
610111626268,0,-1,-3,-20,-6,-13,-2,-3
610111641189,-6,-8,0,-1,8,-4,-2,-4
610111641189,2,4,0,8,-4,3,4,3
610111648748,0,2,3,7,3,9,2,2
610111648748,2,3,0,22,15,23,0,1
610111664355,2,5,5,5,5,9,5,3
610111664355,-3,-6,0,-4,-1,-7,-2,-4
610111665081,-4,-2,-6,-23,12,3,1,-2
610111665081,3,3,0,1,-8,-1,-1,1
610111678543,-2,-3,4,13,8,12,-1,1
610111678543,1,-3,-3,27,-2,14,-3,-1
610111686167,1,-4,-1,10,1,10,-5,5
610111686167,-8,-10,-6,-8,4,-6,-9,-11
610111701228,0,-1,-1,-31,-5,-16,0,2
610111701228,-2,1,-3,7,-3,-1,1,0
610111708591,-4,-1,1,12,2,8,-1,1
610111708591,3,4,1,18,-3,9,3,1
610111724345,-2,1,2,8,3,7,-2,2
610111724345,-5,-7,-4,-6,-8,-2,-7,-5
610111725126,3,1,-4,-40,-13,-17,0,-3
610111725126,1,-1,-3,-19,-8,-13,3,4
610111740203,1,7,5,6,-2,4,3,1
610111740203,-1,-1,-1,16,-7,2,-1,-2
610111746092,-1,1,3,12,4,8,0,2
610111746092,-1,0,-4,-19,-5,-13,-4,-3
610111769401,1,2,-2,-17,-1,8,0,-3
610111769401,5,9,8,-17,-1,-12,6,7
610111770010,-2,-4,1,9,-8,1,-1,-2
610111770010,1,-2,-1,-1,-12,-10,1,1
610111784305,-5,5,4,15,8,9,5,0
610111784305,-3,-5,-3,-12,0,-1,-4,-2
610111785025,-3,-2,-4,-21,-1,-5,-2,-3
610111785025,2,6,4,-8,0,-2,5,1
610111798765,2,-2,-1,3,-1,-5,1,-3
610111798765,2,1,0,-9,-6,-1,2,2
610111806140,-3,-1,-1,16,5,9,-3,-3
610111806140,4,-1,-2,-28,5,-3,0,-1
610111821204,0,-2,-3,24,10,19,-1,2
610111821204,4,7,2,-4,2,-3,1,3
610111828833,0,-12,-5,0,-9,-5,-5,-2
610111828833,-3,3,0,-25,-11,-16,0,1
610111843715,-4,-5,1,-2,-3,-4,-2,-3
610111843715,0,1,-2,-33,-7,-14,0,-1
610111851749,2,-1,3,17,3,5,-1,-1
610111851749,1,1,4,3,-9,-2,4,2
610111866799,2,0,-7,-2,-11,-6,-5,-1
610111866799,-3,1,2,2,2,-2,2,2
610111867574,-3,-4,-2,-1,2,4,-2,-6
610111867574,0,-2,-6,-25,3,-2,-5,4
610111881223,-1,6,5,-2,6,4,6,5
610111881223,1,2,-1,-2,1,-8,0,-2
610111888720,1,6,-2,-17,-8,-13,-1,-3
610111888720,-4,-3,-1,20,6,10,-4,-6
610111926823,1,-2,-4,-9,-9,-18,-4,0
610111926823,-1,1,-2,27,13,18,-2,1
610111933705,1,3,0,6,7,5,6,4
610111933705,-1,-3,-3,12,12,21,-3,1
610111941113,5,-1,2,-12,-4,-8,1,-3
610111941113,-3,-2,3,-2,-2,-2,-6,-6
610111950181,1,1,-1,-22,-14,-29,-1,2
610111950181,1,4,-1,17,-5,-3,2,3
610111965000,-4,-4,-6,9,17,15,-3,1
610111965000,-4,-11,-4,2,3,1,-5,-3
610111966618,-2,-13,-9,17,-15,0,-8,-4
610111966618,-2,-2,-4,-4,-6,-8,-7,-7
610111980162,2,-6,-8,-28,-8,-18,-5,-3
610111980162,4,0,-2,-27,-6,-16,0,-2
610111981541,0,1,-5,-2,6,2,1,-2
610111981541,-3,-10,0,-13,-11,-18,-1,-5
610111994357,0,-1,-2,16,4,12,-5,-3
610111994357,1,-17,-7,-20,-1,-7,-5,0
610112001236,-4,10,-3,7,-16,-14,-6,-8
610112001236,-5,-19,-3,9,6,5,-2,-5
610112017419,-4,-13,-11,-1,-26,-20,-12,-9
610112017419,-1,-21,-5,-27,-5,-3,-3,-3
610112019017,-1,17,-7,9,-3,-30,-4,0
610112019017,-6,-51,-7,-16,-27,-19,-16,-13
610112023653,2,28,-14,0,-5,-4,-3,-1
610112023653,-6,-49,-2,32,-5,-4,-13,-12
610112031962,-2,-7,-4,-19,11,15,-2,2
610112031962,-3,33,-10,6,-6,-32,-6,-2
610112046856,-13,-68,-6,9,-5,5,-16,-17
610112046856,0,18,-7,2,1,-4,2,-4
610112047578,-9,-7,-14,1,9,19,-14,-13
610112047578,-2,-68,4,-49,-5,3,-6,-3
610112061123,1,32,2,-10,22,6,6,4
610112061123,5,64,-4,16,-9,-19,4,3
610112068697,-6,-62,6,-7,-7,-13,-7,-8
610112068697,2,58,-8,5,8,-9,3,2
610112083714,0,-7,6,22,7,3,8,3
610112083714,3,-8,5,-6,-4,-1,1,4
610112091855,2,8,-1,24,6,24,4,0
610112091855,3,2,4,6,2,-1,3,-3
610112106806,-2,-8,-3,-15,-1,-4,-2,-1
610112106806,-1,4,-3,4,9,7,2,2
610112107507,3,-13,4,-3,-1,-5,2,6
610112107507,-3,15,-2,9,2,-3,5,1
610112121233,-1,-9,0,23,-5,1,-2,-2
610112121233,-1,-8,4,-6,1,3,1,1
610112128709,-3,2,-8,2,-11,-5,-6,-3
610112128709,2,-8,-1,2,8,8,-1,1
610112143596,4,18,1,-10,0,-2,6,2
610112143596,-4,-12,-5,-7,-5,-2,-5,-7
610112151809,-1,3,5,-33,-9,-4,4,2
610112151809,-1,6,-6,6,-6,0,-1,-2
610112166758,0,-14,-1,3,-16,-2,-3,-3
610112166758,0,6,-1,18,9,10,3,-1
610112167581,1,1,4,-5,1,-7,1,1
610112167581,-1,-5,2,-6,6,-3,2,2
610112181287,1,9,-5,-11,-5,-11,0,5
610112181287,-3,-5,2,-9,-7,-12,1,-6
610112188789,-2,-2,-5,7,8,9,-4,-1
610112188789,-1,-5,-3,-39,-23,-22,-5,2
610112203742,1,2,3,-8,1,-3,4,-1
610112203742,1,7,3,-6,6,-7,1,5
610112211817,0,-1,-2,22,-1,-8,2,-2
610112211817,3,4,6,13,1,8,-1,3
610112226883,0,-4,2,-7,-15,-1,-3,-5
610112226883,0,-1,4,10,3,13,1,-1
610112227644,5,11,6,1,8,5,1,4
610112227644,-2,-8,-1,18,4,22,-4,-3
610112241167,-2,2,3,-10,2,-6,4,2
610112241167,-3,-1,3,3,5,3,1,-2
610112248692,-1,5,-3,-5,-11,-23,0,-1
610112248692,-1,1,-2,23,4,10,-1,-1
610112263794,-1,3,-1,5,7,7,4,1
610112263794,-2,-1,-4,16,-8,7,-1,-2
610112271952,1,0,-3,-14,-1,-3,1,2
610112271952,-6,-8,-4,-4,1,-3,-3,-4
610112286932,4,5,4,-22,10,0,2,2
610112286932,-1,2,3,-2,-9,-6,1,0
610112287574,-1,3,2,6,3,10,2,-2
610112287574,-3,-7,-4,-13,-23,-22,-5,-4
610112301067,1,0,2,4,-1,1,-4,2
610112301067,0,-5,-9,-12,-4,-8,-3,-3
610112308739,2,3,1,-10,4,4,5,-1
610112308739,2,11,3,-3,2,0,5,3
610112323576,-3,-1,3,-8,3,-11,-1,-1
610112323576,-3,-4,0,6,-9,-8,-3,1
610112331820,-1,2,-1,5,6,4,2,1
610112331820,-3,-4,-2,2,8,4,-3,-6
610112346765,3,-3,-2,4,4,2,4,0
610112346765,6,11,4,-6,9,3,3,7
610112347473,-1,1,2,-5,11,-2,-2,0
610112347473,-1,2,-4,-16,-18,-6,0,-1
610112361224,-5,-6,-7,7,3,7,-8,-5
610112361224,-1,-5,-6,-14,-9,-22,-5,-7
610112368737,3,-2,-3,15,3,10,0,-1
610112368737,-1,3,1,2,9,5,3,1
610112383745,-1,-7,-2,26,-7,0,-3,-5
610112383745,-3,1,-1,-6,-5,-3,3,0
610112391865,-4,-5,-4,1,-4,2,-3,-1
610112391865,3,1,-3,4,5,0,3,-2
610112406756,-2,1,2,2,-5,1,-2,0
610112406756,0,0,3,3,7,-2,0,2
610112407541,-1,3,0,11,-13,-5,-2,-2
610112407541,2,4,0,7,4,5,0,-2
610112421333,-3,-2,-7,-13,-4,-4,-1,-2
610112421333,6,3,-3,1,8,7,1,2
610112428746,1,1,-1,-9,4,0,1,0
610112428746,-2,-5,2,-2,14,8,0,-2
610112443746,0,2,0,3,0,0,-1,1
610112443746,-6,-10,-5,3,2,9,-6,-4
610112451918,2,1,1,-24,1,-7,1,2
610112451918,5,2,-3,24,3,12,0,5
610112466891,3,5,-1,3,6,7,5,6
610112466891,-6,-11,-4,9,-9,0,-6,-4
610112467616,-5,2,-2,-4,-3,-3,-3,2
610112467616,-9,-10,-6,-2,-16,-8,-7,-7
610112513324,-1,-6,0,9,7,7,2,0
610112513324,3,-3,4,-5,-11,-7,2,6
610112515558,-1,1,-2,6,11,-4,3,2
610112515558,3,5,0,-2,3,-5,1,1
610112526787,-1,4,-1,3,-4,-1,0,-3
610112526787,-2,-2,-6,7,-14,-5,-3,-8
610112527568,1,2,-2,2,8,3,-2,0
610112527568,0,3,2,-7,2,-2,5,2
610112541264,-10,-11,-2,19,-10,-3,-9,-3
610112541264,1,2,4,24,-5,-2,3,3
610112550128,-4,-10,5,8,-7,1,0,-3
610112550128,-1,2,4,3,-8,-5,-2,1
610112565129,0,5,4,-4,-3,-4,8,8
610112565129,4,12,9,6,10,28,11,9
610112566491,1,8,3,-7,15,15,9,8
610112566491,0,-4,7,2,4,4,7,4
610112580098,2,6,10,0,7,6,8,1
610112580098,0,23,4,-9,6,0,5,1
610112581544,2,-19,7,-3,-6,-3,2,2
610112581544,6,46,8,47,20,22,7,3
610112593757,-1,-33,0,12,13,18,4,2
610112593757,9,18,1,-6,-1,-6,8,5
610112602566,3,-12,14,9,-5,3,10,6
610112602566,7,33,1,0,-3,-1,11,9
610112609441,8,-2,18,0,-5,-4,4,7
610112609441,-3,3,0,-40,19,37,4,5
610112610085,14,44,8,18,3,13,9,6
610112610085,-6,-29,7,-9,2,1,-2,3
610112623775,8,28,-4,-13,-5,-7,4,8
610112623775,6,34,9,-5,-1,-7,9,8
610112631820,7,-26,11,-7,-7,-7,3,7
610112631820,5,29,0,5,35,56,9,5
610112646928,4,52,-2,16,14,16,3,1
610112646928,-2,-63,17,11,5,-3,4,3
610112647659,3,37,-10,-3,7,8,5,1
610112647659,-1,20,3,-10,-10,-57,-3,-1
610112661134,1,-35,5,-14,5,0,3,2
610112661134,1,0,-3,5,19,21,1,-1
610112668743,-1,20,-2,-28,-15,-28,-3,-1
610112668743,-1,-29,-1,-17,0,2,2,1
610112683555,3,39,-9,-17,-5,3,1,2
610112683555,-1,-5,3,-11,-10,-18,-3,-1
610112691876,0,17,3,18,6,0,0,0
610112691876,-1,1,0,-4,-5,-5,0,2
610112706876,3,-13,-3,-7,-4,-4,0,0
610112706876,1,0,-6,20,7,8,0,3
610112707580,-5,-2,-3,1,4,7,-3,-2
610112707580,-1,-12,-2,0,8,20,2,-1
610112721247,1,-4,5,-3,-12,-17,0,-1
610112721247,-3,20,0,-6,-1,-5,-3,3
610112728746,-5,-30,-7,10,-25,-13,-6,-5
610112728746,-1,-8,1,5,-3,2,-2,-1
610112743769,0,10,4,-6,1,4,1,-2
610112743769,-1,-6,-1,12,-15,-8,-3,0
610112751868,-2,1,-1,-2,4,5,1,1
610112751868,0,-8,-6,3,-1,3,-3,-6
610112766221,-5,-18,-2,-48,-21,-8,-8,-4
610112766221,4,14,3,-2,-3,-3,4,2
610112774390,0,5,7,-1,15,2,5,0
610112774390,1,-6,-1,-12,-19,-7,-1,-3
610112789313,-5,4,-2,13,11,7,0,0
610112789313,0,0,-3,-25,-2,-22,-2,-6
610112790029,4,0,0,4,5,11,3,4
610112790029,-1,-3,2,-11,-2,-9,2,-1
610112803738,1,-1,1,23,5,2,0,-4
610112803738,-1,4,1,6,-3,2,0,4
610112811948,-11,-5,-13,10,-3,7,-5,-8
610112811948,1,5,0,6,5,5,0,3
610112826200,0,0,-1,8,-5,-3,5,3
610112826200,-2,-9,-3,2,13,0,-5,-2
610112834334,3,-2,3,5,-8,-12,3,-3
610112834334,-7,-6,-3,-4,-7,-6,-5,-4
610112849445,-4,-5,3,-21,-2,5,1,-3
610112849445,4,6,6,-4,1,1,4,2
610112850132,0,3,-1,-16,-6,-6,-1,4
610112850132,-2,-10,3,19,-8,0,1,-3
610112863558,2,9,3,9,6,0,3,-1
610112863558,-4,-4,-7,1,-20,-4,-4,-2
610112879475,3,-2,-2,19,7,15,-6,0
610112879475,5,16,5,4,1,4,8,6
610112886164,3,9,1,0,10,-2,0,5
610112886164,-3,0,3,13,1,7,2,-2
610112894463,-4,-2,1,4,8,10,0,3
610112894463,-2,-4,-2,0,1,6,-3,3
610112909276,1,2,-1,2,12,7,2,1
610112909276,5,6,2,-6,2,-1,4,1
610112910133,-1,-6,-2,-5,-2,-2,-6,-2
610112910133,1,0,-1,-15,-17,-12,0,0
610112923776,-4,-6,-3,9,-10,-2,0,-2
610112923776,2,-3,-1,-21,-13,-27,-4,0
610112932035,3,5,1,15,6,13,10,0
610112932035,2,6,3,-4,-2,-5,3,-2
610112946186,-4,-6,-1,-7,17,5,-7,-5
610112946186,5,9,3,-11,-3,-2,2,5
610112954439,-5,-1,0,-12,-6,-11,-6,-4
610112954439,5,0,1,-30,5,-15,3,-2
610112969685,0,9,3,18,0,10,4,3
610112969685,-3,5,-1,7,0,5,4,3
610112976936,-5,-7,-4,18,-8,10,-5,-4
610112976936,2,2,1,8,5,9,2,1
610112983770,1,-3,-3,-1,1,-2,-6,-6
610112983770,1,2,-2,-7,24,18,1,0
610112991859,5,3,2,-6,2,0,4,1
610112991859,0,6,3,8,-1,0,-2,0
610113006274,2,3,2,-7,-12,-11,0,4
610113006274,-4,-3,-2,9,1,6,-4,-1
610113014404,-4,-8,-1,-12,-22,-18,-6,-9
610113014404,-4,2,-1,26,18,22,-1,1
610113029305,2,3,3,-2,-7,-5,1,2
610113029305,-2,-4,-2,-1,13,5,-3,-4
610113030097,4,3,3,-21,-1,-13,6,8
610113030097,-4,-3,0,-6,-10,-8,-3,0
610113043788,-1,-2,-5,-16,-3,-12,1,-3
610113043788,1,4,0,10,-3,1,4,-1
610113051833,-2,4,2,-2,6,4,-1,-1
610113051833,-2,-7,-3,15,-5,1,-5,-2
610113066164,2,8,5,4,6,5,6,7
610113066164,-6,-7,-3,-7,-5,-9,-7,-6
610113074469,1,-5,-2,-24,-4,-26,-2,-4
610113074469,3,2,2,-1,2,3,4,2
610113112532,-4,1,2,8,-6,3,-4,-4
610113112532,1,-4,-4,20,-3,10,-4,-5
610113114089,-2,2,1,10,8,13,0,1
610113114089,-3,-6,-4,-3,-18,-8,-3,-4
610113126787,1,-1,-2,29,19,20,4,0
610113126787,1,3,2,-1,-2,-1,4,-1
610113127710,-3,-5,2,2,4,2,-4,-4
610113127710,0,-1,-5,-15,-4,-5,3,0
610113141154,-5,-9,-5,1,-6,-3,-6,-3
610113141154,-5,-7,-8,-45,-35,-40,-10,-7
610113151687,-5,-9,-10,-3,4,5,-4,-5
610113151687,-2,-9,-6,-10,-10,-15,-10,-7
610113165059,-11,-21,-10,-6,-46,-30,-17,-10
610113165059,-3,-12,-8,2,-17,-7,-5,-3
610113166569,-8,-14,-7,-3,-15,-11,-7,-5
610113166569,-2,1,1,25,14,19,4,3
610113180114,1,-6,-7,13,8,16,-1,-2
610113180114,-6,-21,-5,9,-22,-28,-6,-5
610113181566,-3,-10,-8,7,-3,4,-10,-5
610113181566,-14,-26,-10,5,6,6,-12,-11
610113193698,-6,-7,-7,-3,-3,-2,-13,-8
610113193698,-14,-23,-7,4,8,7,-10,-8
610113202531,-3,-8,-4,-12,-33,-30,-10,-6
610113202531,-4,-14,-3,-7,-40,-36,-13,-10
610113217511,-9,-24,-8,-9,-17,-17,-14,-10
610113217511,2,-4,-8,-5,-6,-4,-4,-7
610113219045,-11,-20,-4,-5,2,3,-3,-4
610113219045,-9,-19,-6,9,-30,3,-9,-8
610113223681,-10,-6,-7,-8,-9,-9,-9,-6
610113223681,-13,-18,-1,15,11,16,-11,-7
610113231831,-6,-22,-9,8,-5,0,-10,-7
610113231831,-6,0,-9,-13,-4,-11,-1,-5
610113246164,-10,-5,1,-18,-9,-29,-4,-7
610113246164,-7,-41,-6,17,-27,32,-6,-4
610113254493,-4,12,-13,3,-7,-1,-1,-4
610113254493,-8,6,-2,3,5,2,-2,-2
610113269312,1,-33,-2,-2,-1,5,1,4
610113269312,5,29,-3,-3,11,-6,7,7
610113270090,6,17,6,25,3,-5,3,4
610113270090,3,-4,-1,-1,8,5,2,5
610113283786,-2,6,1,31,8,-3,5,-2
610113283786,1,-2,-2,-22,-14,-29,-4,-3
610113291931,-3,-9,1,2,-2,0,-2,-3
610113291931,0,-2,1,-32,8,-7,-1,1
610113306106,2,7,-2,-3,-7,-4,1,1
610113306106,-1,8,2,5,-1,-2,-3,-2
610113314519,3,4,2,-7,-9,-15,3,2
610113314519,-4,-12,-1,3,-2,-4,-1,-4
610113328738,-2,1,-8,0,-20,-6,-4,-7
610113328738,6,3,2,-2,4,0,0,2
610113337626,0,-1,0,-6,-2,3,1,1
610113337626,1,5,1,-5,16,5,2,4
610113343774,1,8,1,-15,-9,-9,2,-3
610113343774,1,0,2,3,-1,-6,1,3
610113352674,-4,-8,0,12,-24,-4,-7,-4
610113352674,2,3,-2,21,8,10,1,1
610113366261,0,0,4,1,10,9,4,1
610113366261,1,8,-1,-8,0,-12,1,0
610113375187,0,1,-2,-22,-13,-6,5,-1
610113375187,-5,-5,0,6,-4,-1,-1,-5
610113388630,2,-2,2,-15,-11,-20,-3,0
610113388630,-2,4,1,6,-5,1,2,0
610113397644,1,5,1,5,4,1,4,1
610113397644,1,-3,-1,19,-16,0,-1,2
610113403583,1,6,-1,3,1,3,-2,2
610113403583,-8,-11,-1,5,5,4,-4,-6
610113412665,0,-3,-5,-39,2,-21,0,-1
610113412665,2,1,1,4,-7,0,-2,0
610113426138,-5,-1,0,6,2,10,-3,1
610113426138,-1,1,-5,-3,-13,-13,-3,0
610113435106,-4,-1,-4,12,8,13,2,-2
610113435106,-3,-4,-1,-6,2,-6,-1,-3
610113448613,6,0,0,-3,11,1,6,3
610113448613,1,3,-2,-3,-2,-2,2,-1
610113457542,4,0,1,4,-1,-7,3,6
610113457542,3,-5,-6,10,-11,-4,-4,-5
610113463560,-3,2,1,9,3,9,4,2
610113463560,-6,-5,-3,6,-4,9,-3,-4
610113472576,0,-2,-1,17,13,16,4,3
610113472576,0,4,1,-6,4,1,1,4
610113486049,-1,-1,0,-7,11,-9,-5,-3
610113486049,-3,-6,-3,-6,-12,-20,-8,-4
610113495119,0,1,4,8,5,7,-7,-2
610113495119,-3,-1,1,-4,4,0,-1,-2
610113508633,1,-1,0,-9,12,18,-1,0
610113508633,3,-1,0,-1,8,6,8,5
610113517553,-3,2,-1,0,-5,-2,-3,-3
610113517553,-2,-5,0,-21,-10,-11,0,-3
610113523757,0,2,0,3,-6,2,1,1
610113523757,-7,-15,-5,12,1,14,-8,-6
610113532643,0,2,-2,-28,10,-5,-1,2
610113532643,2,3,-1,-5,-6,0,2,3
610113546306,-3,-3,1,3,-3,-1,2,-1
610113546306,-1,-1,-1,20,2,16,-2,-1
610113555055,0,-2,-1,-10,-14,-15,-6,-2
610113555055,-5,-2,-4,-2,3,-2,1,-1
610113568803,1,-5,-6,-20,-7,-16,1,-4
610113568803,5,6,3,18,13,15,4,8
610113577628,-3,-2,1,12,6,11,-2,-3
610113577628,-2,-8,-8,-3,-12,-8,-4,-4
610113583695,-2,10,-5,-8,-8,-9,-3,0
610113583695,-2,-13,-4,-16,-2,-8,-1,-7
610113592596,-3,0,-2,-22,-14,-41,0,-6
610113592596,1,9,3,10,5,6,4,0
610113606296,2,-9,-1,4,-8,-3,-2,4
610113606296,-4,-2,-1,-13,6,7,1,-3
610113615175,-1,-3,-2,-7,-12,3,-5,-1
610113615175,1,1,0,-8,-3,-8,3,0
610113628802,-2,-6,-2,-6,-22,-18,-7,-4
610113628802,7,16,2,18,12,7,11,8
610113637639,-1,2,0,12,3,9,9,3
610113637639,-1,4,1,-9,20,9,7,-1
610113675642,-1,0,0,-22,-10,-8,0,-3
610113675642,2,4,5,-10,-8,-13,-2,1
610113678048,-2,-4,-3,8,4,10,-18,-3
610113678048,1,-7,-4,-46,-13,-28,-12,-1
610113697471,-6,2,-2,13,15,14,-9,4
610113697471,5,5,2,-12,-10,-12,-1,2
610113699034,-1,-4,-1,-2,17,3,2,0
610113699034,3,-3,0,-1,-5,-5,-1,3
610113712174,0,7,8,-2,-2,-1,13,6
610113712174,0,3,2,-9,-1,-4,3,2
610113712959,-1,11,9,5,2,8,8,3
610113712959,6,18,4,2,-3,-2,4,8
610113727392,3,6,-1,31,36,45,1,1
610113727392,-6,1,0,-23,-17,-23,-4,-1
610113729018,2,7,3,9,3,10,9,4
610113729018,0,13,3,7,-2,1,9,3
610113742451,6,8,7,-2,27,30,11,6
610113742451,-7,8,3,1,14,15,8,-4
610113744067,4,6,10,2,3,4,4,9
610113744067,7,15,10,3,6,6,0,7
610113756774,8,13,6,-4,9,11,-3,6
610113756774,4,10,6,-3,23,-5,4,8
610113763555,2,12,3,43,31,59,2,4
610113763555,2,16,7,12,13,14,-1,5
610113779992,7,5,-2,11,1,7,1,5
610113779992,8,24,7,26,41,59,4,9
610113781539,-3,4,0,-6,3,-6,-2,-5
610113781539,-3,1,0,6,18,14,-2,0
610113793678,5,19,4,0,5,14,3,6
610113793678,1,10,1,-5,14,-23,3,-1
610113802658,3,-1,-2,-3,13,13,2,2
610113802658,-5,-8,-10,12,13,21,-3,-5
610113817619,4,5,2,-5,-1,-45,4,0
610113817619,2,-5,0,-27,13,34,-2,3
610113819076,10,20,4,32,26,33,7,4
610113819076,-2,1,3,-7,7,-27,0,-5
610113832501,9,4,-2,-9,30,28,9,6
610113832501,10,14,-1,-1,6,27,1,6
610113834072,5,11,-2,9,11,-26,-1,4
610113834072,-3,-8,-3,-8,3,-3,1,-6
610113846283,-3,-10,-7,14,7,18,-4,-2
610113846283,-6,-4,-6,16,2,-1,-8,-4
610113855084,-4,-2,0,-21,-13,-57,-6,-3
610113855084,3,-14,-3,-23,-9,9,-2,0
610113868779,5,5,-3,-2,12,28,4,0
610113868779,5,11,2,-9,-12,-21,-1,0
610113877709,-7,-13,-3,-13,-10,1,-5,-2
610113877709,5,2,3,24,8,55,2,4
610113892686,-2,6,4,-14,-9,-18,0,-1
610113892686,0,3,1,9,3,1,8,5
610113894095,-6,-9,-5,-1,4,25,-4,-3
610113894095,1,6,0,-28,1,-11,-4,3
610113906116,-1,-7,-2,9,-1,-3,-5,-8
610113906116,3,-1,-4,9,-2,1,3,1
610113915120,2,-1,-2,17,1,12,1,0
610113915120,-1,4,1,-8,-1,-8,-2,-1
610113928786,-6,5,2,7,-3,-4,2,0
610113928786,-5,-12,-3,-6,-4,-2,-6,-9
610113937602,0,1,-6,-30,-18,-22,-2,-3
610113937602,4,7,3,25,11,4,1,3
610113967465,0,7,2,5,8,4,3,4
610113967465,2,6,1,-6,-8,-7,6,0
610113969053,2,6,6,-11,17,10,5,6
610113969053,1,-1,-1,34,18,18,5,-1
610113989926,-4,-4,1,-18,-8,-14,-7,-3
610113989926,-1,-5,-2,-12,-5,-3,-6,0
610113991513,5,2,-2,-24,-13,-12,-3,0
610113991513,-5,-3,1,-9,0,-7,4,-1
610114027421,-6,-7,-1,-3,-1,-4,-10,-3
610114027421,-4,-2,-3,3,5,1,-6,1
610114029028,-3,-9,-1,9,11,18,-3,-2
610114029028,-3,3,-2,11,-13,-3,-7,-4
610114042432,0,-1,-6,-19,-2,-14,1,-3
610114042432,1,6,0,6,0,-3,-3,0
610114044042,2,1,-4,12,15,16,1,2
610114044042,-3,3,-2,-10,3,-9,3,1
610114057469,0,1,2,16,2,6,6,1
610114057469,-5,-7,0,-3,-4,-4,1,-2
610114059011,2,-2,0,17,10,22,4,-3
610114059011,1,1,2,19,-3,0,1,-1
610114071285,2,7,9,2,8,3,1,5
610114071285,2,2,5,25,11,15,8,6
610114080041,0,2,3,39,8,25,3,-2
610114080041,-2,11,8,-2,1,2,5,6
610114095222,0,5,3,-3,-6,-6,3,2
610114095222,1,7,5,35,22,30,0,7
610114096568,6,17,5,30,20,19,3,9
610114096568,1,8,1,2,7,6,3,6
610114109404,0,4,3,11,9,14,2,1
610114109404,-1,0,0,-14,-8,-8,-1,-1
610114110169,-8,6,8,-16,-2,-8,7,2
610114110169,5,16,6,6,16,24,7,8
610114124974,-4,1,2,30,27,43,3,6
610114124974,7,20,5,-5,1,-1,9,4
610114126633,3,9,-1,-11,11,-9,-2,7
610114126633,6,9,0,13,31,78,2,5
610114138780,6,13,4,-5,33,-7,12,8
610114138780,6,13,3,8,15,16,6,2
610114147686,4,13,7,3,20,45,7,7
610114147686,2,3,2,-37,1,-44,1,0
610114162615,4,12,1,13,10,17,3,3
610114162615,6,14,1,19,46,42,3,4
610114164082,9,18,7,4,13,-19,11,8
610114164082,4,0,2,8,14,8,-1,5
610114168791,4,12,-2,12,24,46,7,6
610114168791,-2,-1,5,-25,-13,-77,-3,-5
610114177699,6,1,-1,-6,3,11,1,2
610114177699,9,21,3,44,45,60,8,12
610114192501,10,13,3,40,8,-41,7,10
610114192501,5,3,-1,15,22,38,-1,5
610114194062,5,7,-2,-19,16,56,5,3
610114194062,1,8,1,0,0,-44,3,-1
610114206118,2,0,1,-5,-2,11,-1,0
610114206118,1,-7,-2,-29,8,52,-1,2
610114215152,9,14,-2,30,16,14,4,7
610114215152,2,8,3,28,12,-17,6,1
610114228753,-2,-4,2,-6,0,36,-2,1
610114228753,10,10,1,3,7,4,9,11
610114237614,-6,4,1,-17,-10,-38,-1,-2
610114237614,-2,-8,-6,-13,8,18,-3,-2
610114252447,0,-1,1,17,10,18,-4,-5
610114252447,-2,-2,0,44,3,5,1,2
610114254060,-7,-5,-2,-14,-9,-14,0,-10
610114254060,-1,-6,-1,-20,-15,-8,-5,-4
610114266072,-2,-6,-5,-21,-12,-23,-4,-7
610114266072,-5,3,-1,-16,-5,-12,-3,-1
610114275055,-4,-11,-4,1,-8,-2,-7,-2
610114275055,-2,-3,-2,1,-16,-5,-4,-2
610114288621,-2,-9,-6,-16,-26,-26,-3,-7
610114288621,1,2,-2,-29,-13,-29,-3,1
610114297571,3,2,3,-24,-8,-11,1,0
610114297571,-1,-1,4,3,0,-3,1,5
610114312426,3,7,0,34,16,22,1,2
610114312426,0,1,-2,18,16,23,1,-1
610114314038,-1,-4,-1,2,-4,-6,-3,0
610114314038,8,5,0,-9,-6,-4,6,4
610114326111,6,8,1,-21,-1,-19,0,3
610114326111,5,9,4,0,24,9,1,1
610114335062,6,4,-2,32,13,16,0,7
610114335062,-2,1,0,-16,-1,-4,-1,-1
610114348604,-4,1,2,-1,-5,-3,0,2
610114348604,-2,3,-1,-12,-10,-12,-1,-1
610114357629,-8,-10,-3,-8,-4,-9,-1,-5
610114357629,-3,-8,-6,11,9,12,-6,-2
610114372459,1,-7,-4,0,-14,-10,-4,-3
610114372459,0,1,-6,-3,-1,-10,2,-1
610114374090,3,1,-1,-45,-12,-22,3,-1
610114374090,4,8,-1,12,4,4,4,-1
610114386083,3,9,0,3,20,16,0,3
610114386083,3,-2,3,18,8,15,4,0
610114395103,-4,-1,-3,25,11,16,-2,-1
610114395103,3,5,1,-7,-2,-2,0,2
610114408609,-4,-4,-4,-2,6,9,-3,1
610114408609,-3,-2,-1,26,-10,6,-1,-3
610114425045,1,0,0,-30,1,-17,4,1
610114425045,-3,-3,1,-10,-11,-5,-4,0
610114432480,-2,-1,-1,14,1,4,1,2
610114432480,-4,-6,-4,-18,-3,-11,-3,-3
610114434143,1,-3,-3,0,-19,-9,-6,-4
610114434143,-5,-8,-8,4,-14,-8,-4,-7
610114446205,8,4,4,-24,5,-6,6,-1
610114446205,4,3,2,13,6,13,2,2
610114455192,3,4,5,25,7,14,-1,3
610114455192,0,5,1,2,11,6,4,6
610114468799,4,6,1,-1,-2,-2,3,2
610114468799,0,3,0,-2,18,10,0,1
610114477751,-1,-3,-3,42,-3,12,0,-3
610114477751,3,4,2,-19,-2,-9,-1,-2
610114492654,-4,-3,2,-30,-20,-27,-5,-2
610114492654,-2,2,5,-2,2,-1,-1,1
610114494072,-3,-8,-7,9,0,11,-6,-4
610114494072,-5,-8,-2,8,-17,-4,-5,-7
610114506084,1,-2,-6,-25,-11,-30,-4,0
610114506084,-2,2,-3,-27,-21,-22,-2,-1
610114515097,2,5,2,17,20,17,2,2
610114515097,1,-3,0,1,-2,1,-3,1
610114528740,-2,0,-2,14,1,8,1,-3
610114528740,0,0,0,9,13,13,3,2
610114537701,1,8,3,19,11,15,4,1
610114537701,0,2,0,-20,8,0,-3,1
610114552545,-5,-5,5,23,8,17,-1,-2
610114552545,-3,-9,-4,-4,-5,-5,-4,-3
610114554103,-8,-13,-6,-17,-19,-17,-6,-7
610114554103,-1,1,-3,-10,-5,-16,-2,-2
610114566258,3,3,0,18,7,15,1,2
610114566258,1,0,0,-4,-10,-9,-1,2
610114575208,1,0,4,-12,-2,-10,3,1
610114575208,4,4,-2,30,28,33,0,4
610114588808,-2,-4,-7,23,2,8,-1,-1
610114588808,3,1,2,-15,-11,-12,2,0
610114597623,-4,-1,-1,-2,4,0,0,-4
610114597623,-14,-12,-14,6,-10,-7,-10,-14
610114627509,-1,5,-2,-44,-13,-38,0,-3
610114627509,7,-8,-3,21,14,33,-3,5
610114629086,-3,-9,-3,-12,-4,-9,-4,0
610114629086,2,4,3,2,18,24,6,3
610114648633,-4,4,-4,16,-4,-9,-5,-5
610114648633,-2,10,1,-27,-25,-37,1,-4
610114659090,2,1,-3,-16,-5,-10,-3,-2
610114659090,-3,-10,0,4,5,9,-1,-2
610114679987,-1,-10,-1,0,-23,-17,-4,-7
610114679987,-1,0,-5,-24,-4,-13,-5,-3
610114681569,5,-1,4,-2,6,9,5,3
610114681569,-2,4,2,4,-1,-3,-5,-2
610114701779,-2,-4,6,-9,20,24,4,3
610114701779,-5,1,4,58,10,24,-1,-3
610114708605,0,10,-2,-33,-1,-21,1,2
610114708605,-1,-8,4,6,-6,-5,-1,-1
610114732463,-1,-1,0,-6,-12,-1,-3,-1
610114732463,1,-5,-3,-15,-5,-6,-3,-1
610114734133,1,7,6,16,12,12,1,0
610114734133,-1,2,-6,-7,-9,-9,2,1
610114755754,-5,-5,-1,0,15,9,2,1
610114755754,-2,-6,-3,-14,-13,-11,-4,-4
610114758139,1,2,5,-14,-13,-19,-4,0
610114758139,1,4,0,-14,-8,-8,-1,-1
610114776936,-8,-14,-4,2,5,11,-5,-1
610114776936,-5,-5,-4,-3,-15,-23,-5,-7
610114783814,-1,5,-3,3,17,19,1,1
610114783814,2,0,-1,5,4,9,3,-3
610114807559,0,5,4,-3,-2,-1,1,1
610114807559,2,5,5,4,22,20,2,2
610114809137,-3,-5,-4,11,-11,-3,-5,-4
610114809137,5,5,2,-8,0,-4,4,6
610114830243,0,3,-2,9,-2,3,-3,-3
610114830243,-1,-4,-2,1,-5,0,-2,-3
610114831697,0,1,-5,-33,-7,-6,-1,2
610114831697,0,0,0,10,3,8,3,3
610114852681,6,12,-2,-16,-10,-11,2,0
610114852681,-1,-1,0,2,14,9,1,2
610114858784,1,-1,-1,26,1,7,-2,-2
610114858784,-1,0,0,-11,-14,-18,-3,0
610114882504,-4,-8,-2,3,8,11,0,0
610114882504,-8,-13,-7,7,-12,-7,-9,-11
610114884042,-3,-2,0,-14,2,2,2,1
610114884042,-3,2,0,7,7,8,1,-1
610114905152,2,3,0,7,4,5,1,5
610114905152,-2,-3,-3,-2,12,6,-1,1
610114906565,-2,-2,1,30,8,7,-2,-2
610114906565,-2,-1,1,-9,-12,-11,-2,-1
610114927562,3,-5,-1,-6,4,2,-2,2
610114927562,-2,3,-2,4,-18,-11,-2,3
610114929045,0,3,1,3,-5,-4,0,0
610114929045,-10,-11,4,-4,5,3,0,-4
610114949488,-1,4,7,7,-9,-7,-2,2
610114949488,-3,3,4,19,11,24,0,0
610114956139,1,-4,-5,-16,-12,-17,0,-3
610114956139,4,5,-7,6,0,3,-2,3
610114980865,-3,-7,-10,-7,-4,-4,-1,-7
610114980865,2,0,-3,-22,-5,-14,-1,-1
610114983142,3,5,2,24,14,19,1,2
610114983142,1,-1,-5,3,-5,-4,-2,-4
610115002639,2,7,1,0,-2,2,1,3
610115002639,0,0,-6,-6,-19,-14,-1,-5
610115004138,-4,-6,-6,-3,-8,-10,-8,-4
610115004138,-2,-4,-2,-7,-3,-4,-8,-6
610115024336,-5,-7,-5,10,6,11,-1,0
610115024336,-2,-1,0,-20,-1,-8,3,1
610115031083,-1,-6,1,6,3,4,-4,0
610115031083,0,-1,1,10,2,4,-2,0
610115062960,2,-3,2,-14,-4,-11,0,-2
610115062960,1,5,1,33,8,15,3,-1
610115068636,-1,0,0,-28,-15,-17,-3,-2
610115068636,-2,4,3,2,10,8,0,2
610115077449,-7,-8,-4,5,-6,2,-6,-5
610115077449,1,-4,0,-23,-13,-25,-3,-6
610115079051,-3,4,4,0,-2,0,-2,2
610115079051,2,-4,2,3,-8,-7,2,-2
610115091132,-2,7,0,-16,0,-12,1,0
610115091132,2,-5,-1,25,-6,4,0,1
610115100175,-5,-5,-3,-33,-5,-13,1,-4
610115100175,-9,-2,-2,-6,-6,-5,-6,-6
610115114978,-6,-12,-7,7,-2,7,-6,0
610115114978,-1,1,-2,-38,-8,-18,1,1
610115116595,-1,-1,-5,26,4,11,1,1
610115116595,2,-1,-1,-4,0,-3,-1,1
610115129304,-1,4,3,2,3,0,2,-3
610115129304,-2,1,0,23,11,20,-2,-1
610115130067,-3,-10,-1,-2,-5,-1,-4,-1
610115130067,1,-1,-3,-7,1,-1,-1,-2
610115144986,-1,-9,-9,4,-5,0,-7,-6
610115144986,-17,-25,-3,-51,-44,-48,-16,-14
610115146538,1,11,4,41,8,15,0,2
610115146538,1,2,1,3,-3,-1,-1,0
610115158654,0,-8,-3,-9,-3,-8,-2,-4
610115158654,-10,-15,-9,19,-18,2,-4,-7
610115167566,-11,-21,-5,0,-5,1,-7,-17
610115167566,-10,-23,-12,-2,-16,-6,-6,-12
610115182457,-6,-16,-4,-11,-14,-10,-14,-7
610115182457,3,0,5,14,17,17,2,4
610115184051,-5,-10,-3,-17,-28,-21,-3,-7
610115184051,-8,-15,-9,1,-5,-2,-5,-5
610115197526,-8,-6,-4,7,-12,-4,-2,-4
610115197526,-2,1,-1,46,20,26,2,3
610115199088,-5,-14,-6,-4,-9,-7,-7,-6
610115199088,-11,-12,4,-2,-8,-6,-5,1
610115211831,-1,7,-4,12,-17,-6,-1,0
610115211831,-3,-17,3,-16,-5,-19,-2,-2
610115218645,-3,16,-6,-9,-10,-11,4,3
610115218645,-13,-21,1,1,-6,-5,-3,-4
610115235007,-3,4,-1,2,5,2,2,-3
610115235007,-1,-5,3,-6,-3,-15,-2,5
610115235747,-4,-15,3,-24,-22,-6,1,0
610115235747,-4,7,-2,4,-14,-12,-6,-6
610115249348,-4,-18,5,-2,-5,-7,1,-1
610115249348,1,7,0,-8,-2,2,2,-2
610115250100,-3,13,1,-10,-19,-59,-2,3
610115250100,-5,-33,3,8,-28,-10,-4,-3
610115264940,4,4,4,-6,-11,-8,5,3
610115264940,-7,19,0,8,-5,-6,-1,-1
610115266551,-4,-46,9,0,3,1,0,0
610115266551,8,27,-8,-3,-4,-5,7,1
610115272492,-7,13,-6,15,-13,-39,-4,-8
610115272492,-3,-56,3,-49,-18,5,-1,-2
610115274035,5,24,-9,8,-1,6,7,10
610115274035,1,37,3,8,13,-22,-2,4
610115279329,-3,-49,8,-20,0,7,2,0
610115279329,1,24,4,9,6,0,8,4
610115280095,-1,26,2,3,1,3,2,-4
610115280095,4,-15,12,-6,9,3,9,7
610115286807,2,-9,4,-2,15,19,3,5
610115286807,7,43,-4,49,46,64,8,11
610115287575,4,24,8,25,46,47,5,10
610115287575,-1,-22,13,4,8,12,5,1
610115294949,7,6,6,1,2,2,-1,3
610115294949,3,47,-4,-16,20,30,5,6
610115296573,4,0,4,17,2,-19,-1,1
610115296573,3,-12,7,-6,3,5,1,-2
610115301748,4,-1,-1,3,-2,0,5,1
610115301748,8,36,1,3,-4,2,4,3
610115302528,6,25,-2,-7,14,16,4,2
610115302528,3,-18,3,25,22,4,3,7
610115308618,-2,-13,6,-14,-4,7,0,-3
610115308618,-4,-7,-4,1,5,-7,-3,-2
610115317600,-2,25,-2,-3,-5,2,1,3
610115317600,7,19,1,34,13,2,-1,2
610115331814,3,-28,5,-25,-2,-15,-3,-3
610115331814,-2,-35,2,-45,-2,-2,0,-2
610115338582,1,24,-1,-7,24,42,2,3
610115338582,4,47,-12,-5,5,16,2,1
610115354968,-6,-1,-1,7,6,-1,-1,-2
610115354968,-8,-41,5,19,-9,3,-6,-3
610115356587,-1,7,-3,-7,-13,-13,-1,-3
610115356587,-3,-17,-4,-24,-1,8,-4,-2
610115377520,-3,30,-3,12,-8,1,1,0
610115377520,5,-1,-2,5,-6,-14,3,-1
610115379059,1,-22,8,18,14,14,1,0
610115379059,0,4,-2,-2,-12,-2,-2,-4
610115406863,-1,20,-2,13,20,35,-2,1
610115406863,2,-7,3,2,-2,-13,-3,4
610115413641,-3,-24,-1,-2,-3,-5,-3,-1
610115413641,-3,-4,-5,-15,-12,0,-1,-5
610115438220,0,7,-5,-40,-2,-11,0,0
610115438220,-1,8,0,-2,2,-2,1,2
610115440594,-2,-17,-2,-8,-14,-9,0,1
610115440594,-5,1,-5,-13,6,15,0,-4
610115459988,2,15,-1,-15,-4,-7,9,5
610115459988,-1,-2,1,2,-2,-5,0,-3
610115461566,-4,-20,-4,-5,-2,-2,-6,-8
610115461566,-3,0,-2,-44,-14,-18,0,2
610115481794,0,6,-2,20,14,13,-1,-3
610115481794,4,3,-4,-2,-9,-8,-2,-2
610115488633,-1,-15,-2,-13,7,8,-2,-5
610115488633,1,5,1,13,3,8,2,1
610115503661,-1,4,-1,5,-2,0,-4,-2
610115503661,-6,-7,-2,11,-10,-6,-3,-6
610115512601,1,0,-2,-49,-7,-19,-4,-7
610115512601,-1,-1,1,6,6,5,-1,-1
610115519995,1,5,-1,-1,-4,-3,6,2
610115519995,-5,-3,-1,-4,18,22,-3,-2
610115521585,-2,-5,-3,-25,-4,-6,-2,1
610115521585,-5,-1,-1,-8,-7,-7,3,-3
610115526756,-5,-8,-8,8,-4,4,-6,-4
610115526756,4,6,-1,1,9,11,3,4
610115527540,0,-2,1,9,2,8,2,4
610115527540,2,7,3,-1,-1,1,-2,6
610115535000,-5,-6,-1,-2,-5,2,-4,-3
610115535000,0,5,1,-19,2,-3,1,2
610115536621,-5,1,-4,6,-3,-2,-2,1
610115536621,1,-3,-6,-18,-14,-20,0,-3
610115548638,4,12,1,24,16,23,3,3
610115548638,1,-2,-3,-2,-1,-10,-1,-1
610115557682,-1,-4,1,6,-5,-1,1,0
610115557682,1,-1,1,15,15,21,1,4
610115571839,2,6,-1,-16,-7,-14,-1,2
610115571839,-5,-9,1,-1,1,-1,2,-3
610115578591,-4,-7,-4,12,-18,-13,-5,-11
610115578591,0,0,0,28,16,19,0,3
610115594301,1,6,5,-2,0,0,3,-2
610115594301,1,2,3,6,-3,0,1,0
610115601089,1,-3,0,32,1,8,-1,0
610115601089,-1,2,-3,-20,-17,-16,0,1
610115617444,-2,-5,0,-2,7,2,-4,0
610115617444,2,-2,-4,-17,-16,-31,-1,-4
610115619049,4,8,1,19,16,19,7,3
610115619049,4,6,2,-3,2,0,3,1
610115632221,-3,-6,0,5,2,2,-6,-3
610115632221,3,4,0,42,5,18,0,0
610115640125,1,-2,-1,-4,-2,-3,-2,2
610115640125,-6,-6,-4,4,8,7,-5,-3
610115654329,-3,2,1,-32,0,-5,5,-1
610115654329,1,3,-3,9,8,8,-1,0
610115661128,0,0,2,-1,-1,1,-1,2
610115661128,0,-2,-1,9,4,12,-1,-2
610115677523,0,-2,-3,10,5,5,3,1
610115677523,-5,0,1,-3,2,2,-7,-1
610115679105,-5,-6,-3,-14,-25,-23,-4,-6
610115679105,-1,7,0,18,5,9,-2,-1
610115691812,4,2,3,6,-2,-1,2,5
610115691812,-1,-1,0,-3,10,1,2,-1
610115698631,0,-3,-2,1,6,-4,-4,0
610115698631,-1,4,-3,-14,-13,-18,-4,-3
610115714331,0,0,-5,8,3,6,-7,-3
610115714331,1,1,-5,-16,-16,-20,-1,-3
610115721119,1,7,0,28,13,16,1,4
610115721119,2,2,1,-4,2,-2,4,2
610115737503,-2,-6,-3,-2,-8,-7,-2,-7
610115737503,0,-1,5,37,9,14,1,5
610115739069,-3,-2,2,-9,-3,-3,4,-2
610115739069,-5,-14,-5,8,8,7,-5,-3
610115766191,1,-1,-5,-14,-8,-18,0,0
610115766191,-1,-4,-4,1,3,5,-1,-3
610115776646,-4,-4,0,-1,2,5,1,-3
610115776646,-2,1,-1,-9,6,9,-1,-2
610115797481,-2,-1,2,9,6,10,-6,2
610115797481,-1,1,-1,-6,2,1,3,-1
610115799080,-3,-8,-3,-4,-17,-16,-5,-5
610115799080,2,1,-2,-11,-4,-7,3,1
610115820010,4,7,4,8,3,3,2,3
610115820010,2,6,2,-1,-1,1,-2,2
610115821585,-2,0,-2,22,-2,5,0,-4
610115821585,-4,-6,-1,-18,-19,-22,-4,-6
610115858155,-4,-3,1,5,3,5,3,-2
610115858155,-1,-6,-4,-18,-12,-18,-3,-1
610115860578,6,2,-3,-11,4,0,4,6
610115860578,-3,-3,-3,2,7,-3,-3,1
610115872526,2,2,-1,1,-5,-10,0,-1
610115872526,-3,1,-2,-6,-4,-3,1,2
610115874126,-4,-12,-4,-8,6,6,-6,-8
610115874126,-5,-12,-3,-13,-25,-26,-8,-7
610115886766,2,-4,1,22,9,13,0,1
610115886766,0,-3,1,1,-6,-4,0,1
610115887550,-5,-7,2,-11,1,4,-2,-3
610115887550,-2,2,3,0,-2,-2,1,-5
610115901138,-7,-5,0,-16,-12,-13,-1,0
610115901138,-5,-16,-5,-1,-2,5,-9,-7
610115910111,-9,-5,1,-2,3,-1,-3,-3
610115910111,-2,-5,-2,4,-1,2,2,-1
610115925039,-14,-13,-3,-12,-16,-15,-5,-6
610115925039,-8,-17,-2,9,-17,-4,-9,-11
610115926616,-5,10,2,1,-5,-4,-2,2
610115926616,-4,6,-1,0,-4,-1,-3,1
610115939087,-11,-10,-4,4,3,5,-3,-2
610115939087,-10,-17,-3,-5,-5,-1,0,-1
610115947611,1,7,-1,0,-5,-4,2,2
610115947611,-4,-29,-1,15,1,7,0,-1
610115953624,2,21,-2,-22,-16,-28,2,0
610115953624,-6,-18,1,-2,-25,-14,0,-5
610115963290,1,13,6,-1,2,1,4,3
610115963290,-2,-20,13,2,9,10,3,5
610115964157,2,35,-1,-7,-6,0,5,-1
610115964157,-6,-51,10,-3,11,7,-5,-1
610115968646,4,44,-3,5,23,21,7,7
610115968646,-2,-4,8,0,-6,-2,-1,-2
610115977472,-3,-37,0,7,-1,0,0,2
610115977472,6,73,-1,6,21,23,7,7
610115979056,-3,-44,7,5,-6,5,-6,0
610115979056,-1,-13,0,-7,-2,-2,3,1
610115991153,5,35,-1,-2,4,8,10,8
610115991153,4,10,18,5,11,7,5,8
610116000143,2,-38,0,-39,9,29,2,1
610116000143,12,90,2,0,15,2,19,12
610116014370,-8,-18,16,3,1,-1,-2,-8
610116014370,-2,-49,0,-64,-18,-2,5,-3
610116021154,9,76,-8,3,-8,-6,16,7
610116021154,-6,-63,3,-57,-27,-28,-6,-6
610116037508,7,-17,-6,-12,4,19,-1,0
610116037508,1,19,0,4,-2,-8,4,3
610116039091,-9,-22,2,19,-3,19,-10,-10
610116039091,4,-7,-7,-14,-3,6,4,2
610116051148,2,7,-3,1,5,4,-4,2
610116051148,-6,-5,-9,11,-6,-2,-10,-4
610116060153,3,-18,-2,-1,-1,-12,1,1
610116060153,0,2,0,11,3,3,0,0
610116074294,2,0,5,-12,-10,-8,2,0
610116074294,1,11,-3,10,-12,-19,-5,1
610116081115,-2,7,1,-1,-2,-8,3,4
610116081115,-6,16,-2,10,6,13,-5,-2
610116097467,0,-5,-2,-15,-12,-17,7,0
610116097467,3,15,-5,22,13,16,6,2
610116099072,-2,-6,3,1,-2,-7,-4,-1
610116099072,-3,-3,-1,6,-5,-1,-4,-3
610116111140,-5,-12,-3,37,6,23,-7,-1
610116111140,-3,-7,1,-39,-21,-15,-2,-1
610116120799,0,-15,-4,-6,-11,-12,-2,-4
610116120799,-4,-9,-7,19,-11,-4,-20,-3
610116134345,3,-3,0,14,17,6,-8,1
610116134345,1,2,2,0,1,-2,10,3
610116141119,-1,-4,-1,2,-4,-6,0,-2
610116141119,-3,-2,-6,-3,5,7,-1,-2
610116157503,-1,-6,0,14,-8,0,-4,-2
610116157503,-2,3,0,2,0,-3,-5,-1
610116159108,-3,-2,-3,8,7,5,-4,-4
610116159108,-3,-7,2,15,5,11,1,-11
610116171103,-2,6,4,-35,-6,6,10,1
610116171103,3,6,0,21,20,20,10,-6
610116180122,2,4,-2,-8,-7,-8,6,-2
610116180122,4,13,2,0,0,-1,7,7
610116194322,0,8,-2,-14,15,14,25,4
610116194322,0,3,0,11,-6,5,-5,-3
610116201093,-4,-1,4,-5,-4,-4,-2,-2
610116201093,-2,-3,0,7,-1,0,4,-2
610116217516,-8,-17,-3,9,6,6,-17,-13
610116217516,5,3,2,24,23,20,0,7
610116219090,-5,-5,-3,3,1,-1,-1,-3
610116219090,3,16,1,0,-3,3,10,7
610116231172,-3,-6,-1,24,-8,-7,-11,-5
610116231172,-3,-1,-1,-18,-4,-14,11,10
610116240088,2,0,8,6,3,5,-1,0
610116240088,-2,-10,-11,4,-2,0,-16,-8
610116254301,3,14,1,-61,-22,-31,16,13
610116254301,-4,7,20,21,9,15,-26,0
610116261143,11,4,-5,4,0,2,10,14
610116261143,1,5,-4,-1,0,0,-2,1
610116277520,-2,-1,-12,62,25,28,-11,3
610116277520,0,-2,-6,4,3,4,0,-7
610116279157,-10,-6,-11,-4,0,0,-2,-11
610116279157,2,14,4,-19,8,-3,-2,-6
610116291140,7,11,7,1,2,1,17,-5
610116291140,-5,3,-7,-10,-5,-7,3,-7
610116300122,-1,-3,2,-10,-28,-14,-32,6
610116300122,-2,-8,4,2,-1,0,9,-8
610116314356,-5,8,7,-1,1,2,6,10
610116314356,1,-4,-3,-67,-46,-54,-22,-5
610116321130,0,1,4,23,10,10,2,20
610116321130,-2,3,7,9,4,8,11,13
610116337511,-2,9,3,-13,-15,-15,-7,7
610116337511,2,2,-2,6,-21,0,0,7
610116339093,1,-1,3,0,4,1,4,-7
610116339093,-10,-9,-17,3,4,7,-10,-4
610116351194,1,-6,-1,-39,0,-11,-15,-6
610116351194,4,8,-1,-6,5,-2,18,7
610116360153,-14,-13,-11,-6,-9,-5,-6,-23
610116360153,-4,-12,-4,-7,-26,-20,-9,-8
610116374346,2,-12,-6,-4,-9,-6,0,-14
610116374346,-9,-3,-6,9,11,8,-2,-10
610116381185,5,9,3,-43,-24,-55,3,-3
610116381185,8,10,13,-10,-12,-13,5,2
610116397486,-2,-7,-1,8,0,1,-4,-3
610116397486,-1,-8,-6,20,3,12,-4,-25
610116399064,-1,-1,5,10,7,10,4,-8
610116399064,-7,3,-3,-5,3,-2,3,-5
610116443251,5,4,9,-39,-16,-20,-11,10
610116443251,5,6,12,-4,3,-1,20,8
610116445675,1,-3,6,-3,-7,0,-10,2
610116445675,1,-9,0,44,34,44,-6,12
610116456131,-10,-1,-8,12,8,10,4,1
610116456131,-11,1,-10,0,6,-3,-4,0
610116465148,-3,5,1,-39,-34,-48,-5,5
610116465148,15,17,14,-18,-6,-12,14,17
610116479130,-4,-11,-4,7,-13,-8,-7,-6
610116479130,6,16,19,-17,8,-11,14,19
610116487605,7,7,0,-9,7,1,13,11
610116487605,3,1,-4,-16,-30,-24,-7,-6
610116495033,4,9,0,12,3,4,11,2
610116495033,4,-4,-2,-5,-7,-7,-2,-3
610116496588,-3,-6,-1,-5,-7,-10,-13,-10
610116496588,-9,-2,-1,-16,-10,-19,-7,-8
610116508657,-6,5,-1,1,4,1,7,-6
610116508657,9,-4,2,-4,-3,5,16,-18
610116517640,-7,0,-3,4,0,5,1,-3
610116517640,-8,-21,-11,-43,-45,-20,-4,-7
610116531846,1,0,-1,-10,-10,-13,-3,0
610116531846,-1,-13,-13,-24,-33,-20,-20,16
610116532605,-1,9,-2,5,3,9,4,3
610116532605,6,2,-3,-12,-4,-12,-3,-5
610116547556,4,49,-8,25,0,-38,8,1
610116547556,-5,-12,1,-3,-4,-12,-4,-2
610116549139,-14,3,-16,6,8,4,8,-6
610116549139,-3,-40,6,-49,-18,-83,-17,-6
610116554314,10,2,7,-10,-7,-6,0,0
610116554314,4,3,9,-10,-10,-12,-7,3
610116561171,2,-57,2,-66,-43,-55,-14,-16
610116561171,1,3,3,11,16,17,8,4
610116576858,5,2,-1,-53,-37,-48,-8,-5
610116576858,-3,-51,6,-30,-13,-21,-14,-9
610116583653,12,8,4,1,11,16,5,9
610116583653,0,49,-13,57,17,23,7,-11
610116600000,-2,-75,14,-54,-36,-45,-3,-6
610116600000,4,13,-4,14,13,14,11,10
610116601638,-3,-12,-24,2,-11,-10,-13,-26
610116601638,-4,-89,4,-70,-36,-25,-38,-15
610116614359,2,36,-16,31,23,43,-1,11
610116614359,0,1,4,-2,-3,-11,-3,-8
610116621108,1,17,12,11,5,4,-3,15
610116621108,3,1,-2,2,-22,-7,-2,-2
610116636871,-3,-29,9,2,3,12,-12,-14
610116636871,-5,-2,-11,-11,-4,-11,-5,-2
610116643606,-7,-13,-17,5,-1,0,-13,-17
610116643606,6,13,2,-27,14,-5,10,4
610116660002,4,-2,0,-7,-5,-7,8,9
610116660002,1,-1,-4,-1,-11,-9,-3,-12
610116661588,-4,2,0,12,38,22,16,-1
610116661588,0,12,-4,-45,-28,-43,7,1
610116674335,-7,-9,-2,7,5,7,-2,-6
610116674335,-3,-5,-13,14,17,10,0,-12
610116681158,8,1,7,-24,1,-12,2,5
610116681158,6,9,-2,8,8,8,7,8
610116696854,-1,-6,-4,-6,-6,-6,-6,-9
610116696854,-5,-5,-4,25,42,33,6,-6
610116703666,2,0,7,-14,-10,-12,-2,5
610116703666,-5,4,2,15,7,11,2,-2
610116720051,-12,-11,-10,14,20,15,2,-13
610116720051,5,17,7,-67,-37,-63,-2,5
610116721622,1,-1,2,38,17,25,3,4
610116721622,-2,5,-2,16,14,13,1,3
610116734382,1,-8,4,-3,-1,-2,-5,2
610116734382,-5,-4,-3,48,26,42,0,0
610116741121,1,-11,-1,-6,-5,-4,-13,-10
610116741121,-5,4,7,7,11,9,4,3
610116756842,-5,-19,-11,9,10,10,-7,-17
610116756842,2,1,3,-57,-21,-44,2,3
610116763619,4,14,6,-9,-6,-8,17,13
610116763619,-2,-7,-2,15,6,11,-4,-9
610116779963,-3,15,1,-11,9,-8,18,7
610116779963,-1,0,-3,-45,-50,-50,-11,-7
610116781598,-2,-9,2,-1,-4,-2,-6,-8
610116781598,-9,2,-2,-4,2,-2,0,-1
610116794327,-6,-19,-10,3,-16,-1,-18,-16
610116794327,4,3,0,-17,9,-4,2,4
610116801112,0,9,-4,-8,-6,-7,14,5
610116801112,-1,-2,0,-6,-7,-7,-1,-5
610116816843,0,17,2,-10,24,7,22,13
610116816843,-1,6,0,-32,-25,-25,3,-3
610116823668,0,-5,0,-8,-9,-7,-5,-6
610116823668,-11,4,-11,6,10,8,8,-4
610116840039,1,-19,-4,-43,-59,-46,-30,-9
610116840039,-1,11,-2,53,25,36,5,4
610116841647,1,7,-5,-7,-2,-5,7,5
610116841647,5,-3,2,-10,-10,-9,-7,2
610116854386,-2,-6,-3,-19,-9,-13,-15,-8
610116854386,-10,-3,1,11,4,8,2,-3
610116861159,-16,-22,-10,-35,-44,-49,-30,-45
610116861159,3,7,5,-1,-1,-3,-3,-2
610116876908,0,7,12,-1,-4,-1,1,3
610116876908,-3,-9,9,9,1,12,-6,-2
610116883660,-29,-8,-5,3,1,6,0,1
610116883660,-1,10,2,-10,-5,3,10,17
610116900004,1,4,1,12,7,8,8,3
610116900004,-7,-13,-11,-24,-10,-17,-5,-20
610116901598,5,-3,-7,-5,-3,-1,1,5
610116901598,1,-17,-7,-1,-3,12,7,0
610116913741,2,9,16,1,10,4,-6,12
610116913741,-16,-35,-10,-70,-46,-73,-30,-49
610116922613,3,0,2,-5,0,-1,6,-6
610116922613,-2,-3,-17,-8,-4,-8,-63,-3
610116936868,-11,-32,-19,-1,-16,-3,12,-30
610116936868,-10,13,12,4,-19,-13,10,0
610116943707,-1,-3,20,-2,-2,-3,1,0
610116943707,-6,10,15,9,7,4,9,-5
610116960022,-7,-4,7,-51,-37,-35,-25,-18
610116960022,4,15,5,7,4,25,-2,7
610116961567,2,7,4,-5,1,5,-5,7
610116961567,10,32,1,12,52,14,12,21
610117005656,6,18,4,2,11,5,-3,13
610117005656,-6,-2,-12,12,11,15,7,8
610117008095,-5,-21,-12,1,-39,-17,5,-10
610117008095,15,-27,-8,-18,0,-36,12,-9
610117019355,-1,3,-3,13,10,1,8,6
610117019355,5,-35,-12,39,5,44,4,3
610117026173,3,-2,-1,-7,8,0,-1,6
610117026173,-7,-21,-4,-2,-40,-9,0,-19
610117042533,8,14,3,5,6,4,15,19
610117042533,-9,5,-1,5,3,-4,4,10
610117044120,-4,2,-5,-11,-2,-2,-7,-5
610117044120,1,-3,6,-12,-4,0,10,-8
610117056867,5,17,6,16,13,16,17,8
610117056867,8,4,3,3,6,4,-1,3
610117063661,-1,-2,4,6,6,3,1,1
610117063661,2,17,11,-33,6,-37,-5,3
610117080012,8,3,6,20,-2,11,13,6
610117080012,-2,3,4,-7,6,-8,-3,0
610117081628,3,8,12,-2,8,0,-1,4
610117081628,0,-23,1,5,5,20,7,1
610117095001,-4,12,7,-2,-2,-5,21,5
610117095001,-15,-13,8,-1,-1,-3,7,-4
610117096562,0,16,7,-7,6,0,-4,1
610117096562,-12,-29,5,-53,-32,-40,-32,-15
610117109304,11,-1,0,35,17,28,19,8
610117109304,1,6,8,-4,3,0,-2,4
610117110102,-4,-9,3,0,5,-1,19,13
610117110102,1,30,5,21,-18,14,10,-1
610117123686,4,7,7,-65,12,-27,-14,1
610117123686,5,5,8,-2,1,-1,6,4
610117131865,-2,28,-2,-12,-10,-4,14,3
610117131865,-19,-4,-5,6,12,6,8,-6
610117146804,7,-37,-2,-7,-4,-15,-11,2
610117146804,3,6,1,11,9,13,7,3
610117147647,-6,1,3,-2,-6,-8,9,2
610117147647,11,-35,2,-5,8,-4,-2,5
610117170746,6,41,3,38,20,29,37,10
610117170746,-2,3,3,-3,3,-6,1,0
610117171539,2,-31,2,3,3,1,4,9
610117171539,17,51,3,22,37,33,35,20
610117191153,-6,3,6,-6,-6,-1,4,2
610117191153,21,4,10,2,8,5,5,8
610117200163,2,1,2,0,11,8,-8,7
610117200163,2,56,6,5,11,5,11,3
610117222519,-2,-5,5,-6,-5,-10,-9,-1
610117222519,17,20,8,-8,35,12,9,22
610117224117,-2,23,-1,-8,8,3,5,-1
610117224117,-4,-12,0,-2,-11,-8,-3,-2
610117245211,10,-8,-1,-9,17,-10,-15,3
610117245211,2,15,7,9,2,5,16,4
610117246684,7,1,-2,-1,-3,-1,-5,-5
610117246684,2,-6,1,-29,-15,-33,-12,4
610117266359,6,5,1,4,7,7,2,1
610117266359,-3,1,-2,-15,-11,-30,-17,-2
610117276723,0,10,1,1,3,-3,10,-3
610117276723,3,-4,4,10,-9,4,3,3
610117297523,-3,5,-4,-38,-16,-32,6,-3
610117297523,2,0,4,9,1,8,7,-1
610117299161,-4,-14,-3,-11,-21,-21,-19,-9
610117299161,-3,3,-3,7,2,8,12,2
610117320222,-6,-7,1,10,-2,10,-3,1
610117320222,-1,0,-7,-13,-1,-33,6,-1
610117321641,2,0,1,5,10,9,3,1
610117321641,1,-12,-1,-2,-22,-15,-14,-2
610117341337,2,7,-3,9,2,7,20,1
610117341337,5,0,-1,10,-3,13,4,5
610117350239,-9,-8,-1,27,19,39,21,-9
610117350239,-7,-12,2,5,6,10,1,-2
610117357670,-15,-18,-5,17,-5,17,1,-9
610117357670,-5,-5,-3,34,15,48,6,-3
610117359194,-2,3,0,-1,3,2,0,3
610117359194,-12,-1,-4,8,12,8,1,-5
610117364535,-2,-1,3,-39,-12,-25,-6,-3
610117364535,-2,2,0,-7,4,0,1,0
610117365263,-8,-6,-2,-19,-14,-27,-19,-2
610117365263,6,1,-3,7,2,3,10,8
610117372711,4,-2,3,-2,4,-3,-9,-2
610117372711,-14,-9,-3,0,3,16,17,-8
610117373315,1,4,3,-14,3,-7,0,-3
610117373315,-12,1,-1,-1,-4,0,1,-9
610117379379,-3,-5,-5,11,-19,-7,-16,-4
610117379379,5,0,0,9,-5,4,8,2
610117380213,-5,-8,0,13,3,13,3,4
610117380213,-3,-7,-4,23,-3,12,0,-2
610117401863,-1,4,5,8,12,14,-7,5
610117401863,-5,-2,-4,-8,3,-8,-6,-3
610117402611,4,2,-2,-62,0,-17,4,4
610117402611,5,2,3,-11,-2,-1,12,1
610117416146,-1,3,-1,10,-1,9,4,2
610117416146,-2,-6,-7,31,-12,4,-8,-2
610117423616,-1,-1,2,16,4,8,-6,0
610117423616,-10,-7,-2,-5,8,4,0,-12
610117439302,3,2,-4,-40,12,-22,1,3
610117439302,-1,9,4,-20,-3,-9,9,3
610117440088,1,-1,-2,11,-8,4,2,1
610117440088,-6,-3,0,7,-12,2,-13,-3
610117461803,5,-3,0,14,1,8,-5,-3
610117461803,-9,-12,-4,-6,4,-3,-2,-8
610117462562,1,3,-2,-11,8,-4,2,-4
610117462562,9,8,1,-10,-2,-7,4,5
610117476151,-1,1,0,6,4,5,1,0
610117476151,5,3,1,-24,-21,-33,-6,0
610117483633,1,-7,3,13,-1,5,0,-1
610117483633,-4,-14,-6,-9,1,3,2,-5
610117498766,-1,4,0,8,17,23,31,4
610117498766,7,10,1,-5,4,1,7,3
610117506354,-4,5,0,1,6,-10,-5,0
610117506354,2,2,3,-42,-14,-32,-3,3
610117521907,1,-3,2,7,-3,1,-1,1
610117521907,-7,-13,-7,5,-17,13,-1,-3
610117522663,1,2,0,20,11,20,6,1
610117522663,6,8,1,4,7,6,0,4
610117536234,-8,-3,-1,-9,12,-12,-1,0
610117536234,2,7,3,-31,-5,-14,3,0
610117543855,-5,-5,-3,0,-5,-4,-2,-1
610117543855,-6,-11,-2,15,-20,14,-2,-8
610117575235,-1,0,-2,33,6,33,4,-1
610117575235,3,7,-3,6,8,7,-2,3
610117576709,-1,-4,-2,-8,9,-13,0,-3
610117576709,2,3,0,-30,-5,-23,1,3
610117596970,-6,0,3,-5,-8,-8,-4,-3
610117596970,-2,-9,-3,-1,-11,-11,-19,-3
610117603829,4,-1,-2,4,-9,5,12,0
610117603829,0,2,4,5,6,3,-2,3
610117627767,-2,-10,-2,33,-16,24,3,-5
610117627767,-2,3,2,4,5,6,-9,0
610117629149,-5,-6,-4,0,-3,-3,-4,-4
610117629149,0,-1,-2,-34,-2,-45,-13,-3
610117650212,1,-1,-2,-9,-6,-10,7,2
610117650212,5,-1,2,11,-4,7,1,2
610117651699,-1,-6,-4,28,-10,18,-2,-7
610117651699,0,1,-2,15,10,21,1,2
610117672747,-6,-8,-2,-9,4,-7,-4,-10
610117672747,1,2,-1,-45,8,-23,3,1
610117678708,7,4,0,-15,-5,-12,10,0
610117678708,-4,-2,-2,13,-3,12,4,0
610117702594,1,-3,0,38,-3,30,-1,-1
610117702594,-6,2,2,12,4,12,-8,-3
610117704171,-7,-4,1,1,2,3,-1,-7
610117704171,4,4,-4,-13,6,-12,5,1
610117725125,6,7,-3,-20,-3,-17,7,0
610117725125,-3,-2,-3,11,-2,7,5,-2
610117726649,-3,2,-7,-20,-10,-28,-6,2
610117726649,-1,-5,-1,9,3,6,0,-5
610117746961,-1,-12,-8,-15,-25,-16,-14,2
610117746961,3,0,-3,20,7,11,4,4
610117753862,3,1,0,-3,-6,-5,-5,6
610117753862,-6,-10,5,3,1,17,13,-1
610117768779,4,4,-1,-25,-4,-20,1,-1
610117768779,-7,-6,-1,3,-8,-1,1,-9
610117779241,-2,-6,-3,18,-30,6,-15,-12
610117779241,3,5,-1,32,11,25,-1,-9
610117800049,2,-1,3,1,5,6,-1,-5
610117800049,-3,-4,-3,1,9,15,16,1
610117801641,0,6,-1,-19,8,-8,8,2
610117801641,-5,-1,-1,-7,-4,-6,0,3
610117822569,1,-4,-4,-2,-24,-20,-21,2
610117822569,4,3,-1,32,10,19,4,3
610117824147,1,4,3,6,4,10,4,4
610117824147,2,2,-4,-7,13,-1,4,0
610117843681,-1,1,-3,-27,0,-17,-1,0
610117843681,-4,0,4,-10,-1,-9,0,-1
610117852628,-4,-10,-5,9,-19,-2,-14,-3
610117852628,2,2,0,17,-2,7,-1,6
610117875959,0,2,1,-1,9,2,3,2
610117875959,-3,-2,-4,25,-7,11,-2,-1
610117878149,1,1,2,-3,5,0,-3,-1
610117878149,-4,-15,-5,2,-13,-2,-3,-8
610117897598,-5,2,-3,-11,6,2,-2,0
610117897598,-1,2,0,-10,-9,-10,1,4
610117899167,-2,-1,-2,4,13,2,-3,0
610117899167,1,0,0,-20,-18,-29,-7,-2
610117918740,-4,-1,2,6,5,7,4,-4
610117918740,-5,-8,-2,-5,-22,1,-11,-5
610117927768,2,5,-3,7,12,16,11,1
610117927768,3,2,5,-8,-1,-3,0,3
610117950168,-2,-4,-4,15,10,22,15,-5
610117950168,1,2,2,-33,-7,-30,-1,-1
610117951606,-2,-1,3,2,-4,2,4,-4
610117951606,-1,-1,-3,-6,-3,-21,-11,-2
610117973464,5,4,-2,9,-2,4,5,4
610117973464,0,1,3,3,6,7,3,-1
610117975736,-1,-7,-6,21,0,9,2,-4
610117975736,3,4,1,-1,3,7,-4,-1
610117993907,-8,-8,-3,-5,2,-10,0,-5
610117993907,3,-2,-4,-1,12,4,1,0
610118002663,3,4,1,-14,-6,-13,-2,2
610118002663,-4,-1,-2,9,9,10,9,-4
610118025008,1,4,-1,-18,-15,1,-3,1
610118025008,-2,-9,-3,2,1,2,0,-5
610118026619,3,1,0,-39,0,-22,-2,2
610118026619,2,3,2,-2,-2,5,8,4
610118047554,-3,1,2,-12,8,-10,-4,2
610118047554,-4,0,-2,-23,-14,-30,-10,-5
610118049135,-3,-3,1,-4,0,-4,-4,3
610118049135,-3,-13,-9,-2,-16,0,-6,-4
610118069393,3,5,-4,16,9,6,-4,-1
610118069393,4,6,3,7,-2,2,-3,-2
610118077695,-5,-4,-2,-1,13,7,11,-5
610118077695,0,0,3,-19,-11,-13,-1,1
610118100048,-8,-1,-2,11,-2,6,0,2
610118100048,-2,-7,-6,-7,-14,-16,-21,-2
610118101612,5,1,-2,17,4,15,0,5
610118101612,0,3,3,1,8,5,2,-2
610118122751,-4,-8,-1,-19,3,-23,-3,-5
610118122751,-3,8,1,-19,-3,-49,10,-9
610118124193,-3,-10,3,-8,-11,-14,-13,-9
610118124193,-5,-11,-9,10,-7,3,-8,-9
610118143859,4,0,-2,-22,-6,-9,-3,-2
610118143859,0,1,-2,6,3,13,8,0
610118152767,-2,-3,-4,2,-7,1,-1,1
610118152767,-1,2,-1,32,-3,15,-3,-2
610118175802,-2,0,2,8,-5,2,-12,5
610118175802,-5,-10,-4,-2,15,10,8,0
610118178159,-1,-1,-2,-51,-4,-40,-6,-1
610118178159,5,4,4,-2,1,-10,4,-1
610118197633,6,6,1,1,-11,-8,-5,0
610118197633,-3,-7,2,-2,10,12,-3,-4
610118199163,2,1,3,-23,-15,-20,-5,3
610118199163,-7,-6,-2,-9,-1,-5,-8,0
610118218746,-8,-19,-5,16,2,15,2,-8
610118218746,1,-5,-5,-23,-3,-3,-7,-2
610118227753,1,6,1,7,2,7,9,-4
610118227753,1,6,2,-16,-7,-13,-4,-2
610118250230,-4,1,-4,2,-16,-17,-10,-7
610118250230,4,0,1,7,-2,3,-7,8
610118251621,-8,-13,-4,9,8,9,3,-1
610118251621,3,-3,-2,-48,-1,-17,0,4
610118273253,2,6,5,-5,3,-4,14,5
610118273253,-2,6,2,2,-14,-4,-7,3
610118275644,-6,-5,-2,40,-10,18,-5,-4
610118275644,-1,2,-1,12,6,11,-10,5
610118293662,-6,-6,-2,-5,5,-1,1,-3
610118293662,3,-2,-5,-34,-4,-38,-6,-2
610118302673,6,6,2,-2,0,-2,5,4
610118302673,0,-1,2,4,-1,1,-1,-3
610118325034,0,-5,-2,28,-1,26,-7,-3
610118325034,1,4,-1,10,5,13,7,3
610118326623,-4,-1,-3,-1,2,0,0,-3
610118326623,-1,-5,-5,-22,-11,-36,-9,-1
610118347722,5,4,3,-6,-2,-4,10,5
610118347722,0,0,2,14,3,12,3,2
610118349204,-5,-8,-6,15,5,26,-2,-4
610118349204,-3,3,0,-8,1,2,6,3
610118369422,-8,0,5,-7,1,-6,0,-3
610118369422,-3,-5,-5,-16,-20,-29,-17,-3
610118377759,0,9,1,-8,-5,-10,4,1
610118377759,1,2,0,16,3,13,4,2
610118407605,4,1,-6,32,-3,19,-6,-2
610118407605,-1,2,0,7,1,10,4,0
610118409141,-3,-3,-4,-6,2,-7,1,-1
610118409141,-6,-2,-8,-27,-5,-42,-5,-3
610118422625,4,4,2,-13,-3,-14,8,0
610118422625,0,-3,2,8,-2,6,0,-1
610118424207,1,-5,-1,26,4,31,0,-2
610118424207,-2,6,1,12,5,17,-5,0
610118443794,-7,-3,-2,-13,3,-9,-1,-4
610118443794,3,2,0,-36,-5,-32,-4,-3
610118452797,5,7,2,-13,-6,-15,6,4
610118452797,1,-3,2,9,-7,8,0,0
610118475952,-5,-6,-4,18,-8,8,-15,-4
610118475952,1,2,0,12,5,15,-6,3
610118478174,-7,-4,0,-8,0,-10,-4,-3
610118478174,0,-4,0,-22,-13,-34,-9,-3
610118496273,4,3,1,-11,-3,-12,4,7
610118496273,-1,-7,-2,10,-1,9,2,0
610118505175,-1,-11,-5,23,-7,8,-10,-4
610118505175,-2,2,2,15,8,18,-1,1
610118527765,-4,-7,-1,-10,3,-6,1,-5
610118527765,2,-2,-3,-35,0,-27,9,-3
610118529224,1,7,-1,-12,-3,-11,8,0
610118529224,-1,-4,-5,12,-2,12,4,-3
610118549539,-3,-1,-3,29,-1,18,-8,-4
610118549539,-2,2,2,10,2,13,5,0
610118557723,-5,-3,4,-7,2,-8,1,-3
610118557723,1,-2,-6,-32,-14,-37,-8,-4
610118580199,3,8,1,-18,-6,-15,6,3
610118580199,-4,-1,-1,15,0,10,1,4
610118581698,1,-8,-2,24,-6,12,-11,-3
610118581698,-4,2,0,7,4,12,5,2
610118601636,-7,-3,-2,-12,2,-9,0,-1
610118601636,-2,-8,-4,-28,-20,-40,-11,-5
610118610243,5,-1,-4,-15,-5,-11,6,1
610118610243,-8,-1,1,12,1,11,2,1
610118623884,0,-5,2,-1,-13,-19,-9,-6
610118623884,-2,2,3,13,4,15,-2,1
610118632714,-5,-11,-3,-13,-9,-9,-8,-6
610118632714,3,-1,-2,23,13,26,7,1
610118655889,7,8,3,-11,-3,-3,5,5
610118655889,-2,4,2,8,9,1,2,1
610118658274,1,1,3,-22,-32,-44,-6,-1
610118658274,0,-5,-2,9,-1,8,2,-1
610118676243,-6,-8,-5,1,-9,10,-14,-2
610118676243,-1,0,-3,32,18,29,7,-1
610118685276,1,10,3,-2,10,6,3,7
610118685276,-2,-3,-1,-11,10,-16,9,-1
610118707710,2,2,-1,-25,-20,-57,-8,-3
610118707710,-3,-4,1,1,-5,1,0,-2
610118709190,-1,-8,-3,9,-15,6,-17,-6
610118709190,1,-1,2,21,2,13,1,1
610118729619,3,2,5,-1,10,8,4,3
610118729619,-1,-2,-1,-10,12,-12,11,-3
610118737642,-3,8,2,-20,5,-7,8,-1
610118737642,-3,-2,0,-3,-6,-1,0,-4
610118760248,0,-1,-3,-25,6,-23,-1,0
610118760248,3,1,-3,3,-7,1,5,-1
610118761741,2,7,1,0,5,1,0,5
610118761741,2,3,0,-36,-16,-25,6,-2
610118782649,0,5,4,3,3,7,3,2
610118782649,-5,-9,3,-19,-26,-29,-14,-7
610118784162,3,4,-5,7,5,-3,7,2
610118784162,-1,3,1,8,-6,2,-5,-2
610118803834,-4,-2,-2,6,-8,-9,-6,-3
610118803834,-1,1,4,9,-3,10,-7,3
610118820286,-4,-11,-4,9,-5,6,-5,-5
610118820286,-2,-3,0,28,14,24,-4,0
610118836479,7,2,0,6,6,15,4,2
610118836479,-7,0,-6,7,22,9,4,-2
610118838913,3,4,1,-20,-3,-15,-2,-3
610118838913,-4,-1,0,-7,-1,-5,1,1
610118856360,-3,0,-2,-9,-8,-10,-5,-8
610118856360,6,1,-3,3,-4,4,8,4
610118865228,1,1,3,-8,2,-4,-1,3
610118865228,-4,-8,-5,21,-10,10,-5,-4
610118887662,2,3,-5,3,3,5,-5,1
610118887662,-6,-11,-6,-5,-3,-4,0,-7
610118889191,2,-5,-3,15,17,19,1,3
610118889191,4,0,1,2,0,2,0,1
610118909281,-4,-12,-6,26,13,36,6,-1
610118909281,-3,4,-2,-4,-3,6,-1,-4
610118919231,-7,1,1,4,9,8,5,-4
610118919231,6,12,-1,-46,-1,-16,-1,-1
610118940254,1,5,3,-12,0,-4,2,2
610118940254,1,22,4,-11,14,-5,9,7
610118941662,1,15,-1,-35,-14,-31,1,1
610118941662,-2,4,-2,-6,-4,-12,0,0
610118969483,-8,-13,-7,-14,-34,-20,-15,-8
610118969483,6,-4,1,6,-10,3,0,2
610118976270,-5,-4,1,5,-10,-7,-8,0
610118976270,2,-12,-2,-15,-15,-37,-5,2
610118991828,-3,2,1,0,6,2,4,3
610118991828,-3,-10,-1,-6,-25,-27,-25,-1
610118992619,3,4,2,-1,0,0,12,1
610118992619,0,-5,8,5,0,8,1,5
610119008252,-2,4,2,33,-5,10,3,-8
610119008252,-1,-4,4,1,-3,2,-1,-2
610119010686,-4,-13,-4,7,10,9,1,-4
610119010686,5,3,-7,25,15,25,0,3
610119021177,7,2,-2,-8,4,-5,3,4
610119021177,-7,9,-9,2,19,7,7,-1
610119030163,2,3,-5,-7,-4,-6,-13,1
610119030163,-5,3,-5,0,6,2,5,-6
610119045022,0,3,0,-38,10,-15,-2,3
610119045022,2,5,4,0,-3,2,1,1
610119046558,-3,7,1,-7,-1,-6,0,-3
610119046558,-2,-6,-1,-21,-8,-13,-4,-4
610119059103,-3,4,-5,-3,-2,-3,1,-4
610119059103,3,-8,-1,-44,-10,-26,0,-6
610119067589,2,-1,5,4,-4,-1,-2,4
610119067589,-3,2,0,2,-6,-5,-7,-4
610119074383,-3,-4,1,-17,-6,-9,1,6
610119074383,-7,-4,1,14,0,11,0,3
610119081228,0,5,1,-18,-6,-37,-13,1
610119081228,2,8,0,3,-2,-1,14,5
610119097773,2,7,-20,2,1,-2,0,8
610119097773,0,3,-14,-3,-7,4,-11,-5
610119099174,-8,0,-16,7,-2,6,2,-1
610119099174,3,7,4,-41,9,-9,-9,3
610119112566,-2,-2,14,4,-2,1,-1,1
610119112566,3,7,13,7,11,0,-2,3
610119114171,0,-15,12,11,0,9,-11,-7
610119114171,-8,-18,-6,15,-4,7,2,-11
610119141374,0,-3,4,35,23,33,14,-9
610119141374,1,-4,-1,10,-2,4,2,-3
610119150205,-2,5,-5,29,19,35,25,1
610119150205,-4,-9,-4,8,-5,-1,-12,-2
610119165202,-12,-9,-8,-2,-1,-4,-1,-19
610119165202,-3,-2,4,38,4,23,12,13
610119166640,4,-3,1,0,-3,-2,1,-5
610119166640,0,-1,0,40,-10,0,7,11
610119180168,2,-10,0,3,-5,-3,-6,-2
610119180168,-3,-9,-11,2,0,-3,1,-14
610119181666,3,-3,-8,1,13,15,11,6
610119181666,1,-1,-12,-2,-4,-4,0,-4
610119193875,0,14,7,-5,-5,-6,-5,7
610119193875,-5,-8,-12,-23,-37,-52,-7,-13
610119202700,-3,0,-2,0,-8,-8,-8,-1
610119202700,-5,-7,-5,-2,6,2,-1,-14
610119217735,1,3,-3,23,6,8,7,2
610119217735,1,5,4,-4,3,6,2,6
610119219143,-10,-7,-7,21,-4,22,17,-5
610119219143,3,2,-6,-3,-9,-8,-20,4
610119232700,-8,-3,-3,-7,-8,-3,1,1
610119232700,2,-8,-5,-18,-22,-35,-30,-7
610119234244,5,7,0,8,-6,-12,10,-5
610119234244,-14,2,7,0,3,4,3,-2
610119254148,0,9,10,-5,37,17,2,5
610119254148,1,8,5,-18,3,0,-7,8
610119261936,-8,0,2,-23,-8,-20,-12,3
610119261936,-3,-16,-5,5,-20,1,8,-16
610119269337,4,-3,1,12,8,26,-3,14
610119269337,9,12,7,11,7,17,13,14
610119270148,-6,-7,2,-5,-9,-6,-6,-5
610119270148,1,12,3,-10,1,2,32,8
610119300310,-11,0,3,-11,-10,-17,-4,-5
610119300310,-11,1,10,10,8,15,10,1
610119306245,15,12,1,-8,6,8,5,12
610119306245,18,7,13,-8,1,-11,3,11
610119322604,8,-9,0,-1,-18,-4,6,-8
610119322604,11,10,-6,-17,1,0,22,6
610119324150,-3,0,-4,-10,-6,-16,-10,-4
610119324150,-15,7,7,-4,11,2,-6,-1
610119337541,9,-6,-11,-45,-7,2,-11,-2
610119337541,6,26,3,56,22,49,23,5
610119343878,0,-4,5,1,-2,7,2,-2
610119343878,11,35,3,-28,-6,-20,-38,-13
610119352106,-7,0,8,0,-7,-13,-4,-3
610119352106,-5,0,-2,-3,10,9,-5,-2
610119358820,2,-3,6,1,18,31,-12,10
610119358820,16,4,0,2,-1,8,22,18
610119375278,-3,3,1,-1,-5,-8,0,-2
610119375278,2,-31,-5,-53,-16,-31,-49,-6
610119376741,-3,1,-3,-8,-5,-16,0,3
610119376741,-10,-22,-8,7,-13,8,-3,-21
610119389557,7,-17,-4,-17,-7,-9,-2,1
610119389557,8,-15,-2,2,-8,-1,9,-3
610119390258,14,3,-1,-16,-9,-15,-6,-4
610119390258,-4,-33,0,-52,-13,-35,-26,-12
610119397602,7,-5,-6,2,-5,-3,6,-1
610119397602,-9,17,-3,-1,8,0,-4,4
610119399162,-4,-39,-3,-76,-33,-86,-45,-18
610119399162,14,-4,-7,7,1,4,13,8
610119404371,5,-2,-2,-7,-16,-14,-4,-9
610119404371,-7,-37,-6,-55,-38,-64,-29,-25
610119405168,6,-14,-9,7,1,8,-11,-2
610119405168,6,8,-4,-3,6,-5,-6,6
610119412564,-15,-16,-11,-38,-54,-55,-29,-47
610119412564,4,-8,-5,17,-1,21,33,-2
610119413374,0,12,-7,4,-3,7,2,4
610119413374,-6,4,-8,-5,-11,-11,-2,-2
610119419378,-7,-5,0,-47,-26,-41,-16,4
610119419378,-1,-7,-5,-40,-12,-25,-6,-2
610119420148,-3,2,4,-8,-3,-7,1,-8
610119420148,-4,-33,-2,-63,-48,-62,-18,-14
610119426851,7,8,-4,-15,16,38,-23,15
610119426851,-9,-2,4,-3,-3,-5,-8,-2
610119427640,14,22,2,-4,12,-1,-3,18
610119427640,-12,-7,-3,10,-7,32,-13,-14
610119435086,-7,-10,-7,5,3,-1,9,-9
610119435086,2,-3,-8,7,-1,9,-20,-2
610119436704,-26,-32,-8,9,-35,13,9,-33
610119436704,2,-12,-10,-29,2,-56,-28,0
610119457581,-1,12,1,-8,32,1,-20,11
610119457581,-11,4,11,1,3,5,-2,-2
610119459202,6,8,3,-8,1,-15,-11,10
610119459202,0,16,5,4,9,-2,-1,-4
610119478929,-7,-19,0,-11,-17,-28,4,-15
610119478929,-1,-27,-9,-16,-13,-24,-6,-10
610119487804,-6,-1,-6,-3,2,9,6,-10
610119487804,-10,-13,1,53,8,23,-1,-8
610119495163,-1,-15,-18,48,0,8,16,-3
610119495163,-4,0,5,7,-9,8,6,-8
610119496635,-16,-34,-10,-2,-44,-27,18,-23
610119496635,6,5,-13,27,-13,7,51,14
610119502138,-17,0,8,1,-6,-2,4,-8
610119502138,-7,-26,-10,-55,-25,-56,-28,-21
610119502767,9,10,-6,0,4,-2,10,10
610119502767,-10,-4,13,-6,2,2,-7,-5
610119509506,1,-8,-2,-38,-27,-27,13,-6
610119509506,0,-1,5,1,-10,0,-2,-6
610119510176,2,5,9,2,0,-8,-1,3
610119510176,0,8,7,8,-3,7,-10,-2
610119517770,6,6,0,4,-5,-3,15,7
610119517770,-7,-3,8,15,-5,7,3,-7
610119519244,-1,5,2,-9,-1,-2,25,1
610119519244,-8,-5,6,-2,-6,1,-1,-2
610119524558,-8,-4,10,-9,-6,-11,-8,-2
610119524558,12,19,1,19,5,23,39,15
610119525326,2,4,10,18,3,19,15,-1
610119525326,13,-4,-7,1,0,8,9,1
610119532073,6,7,3,1,-6,1,24,5
610119532073,-8,-12,-6,-2,-9,0,8,-12
610119532696,9,-2,-5,0,-11,0,-8,2
610119532696,4,12,1,-4,9,11,13,7
610119540037,-2,-10,-2,38,12,52,12,-4
610119540037,7,6,-3,29,-21,6,30,-1
610119541645,3,3,5,2,4,5,3,2
610119541645,2,-4,-3,-24,8,27,3,1
610119546942,8,2,5,-2,1,6,7,0
610119546942,-4,0,0,-2,4,11,2,-1
610119547664,2,3,-2,-16,-3,-2,10,7
610119547664,-6,7,5,2,2,6,9,3
610119555259,-16,-6,-11,-16,3,-14,-12,-9
610119555259,1,-10,-8,-56,-8,-47,-29,1
610119556686,-1,-1,1,-44,4,-41,-49,-4
610119556686,4,2,-4,19,16,-20,-1,-1
610119561967,13,13,-12,35,21,45,-8,14
610119561967,3,19,10,44,20,28,27,14
610119562626,3,12,1,18,12,36,25,9
610119562626,4,4,-8,3,2,10,9,4
610119569533,19,4,-12,-9,-14,-13,0,5
610119569533,12,-2,-9,-2,-10,9,-1,-1
610119570212,9,-7,-2,4,-11,-2,-5,-7
610119570212,-2,-6,4,-1,2,-1,6,-6
610119577751,0,-1,15,4,3,1,-1,0
610119577751,6,-8,0,6,1,4,5,-7
610119579151,-1,-5,-1,12,-3,4,24,-11
610119579151,-4,-9,2,-4,-8,-1,5,-10
610119584555,0,-5,6,-2,3,-5,2,-8
610119584555,-9,3,4,10,5,14,18,9
610119585223,-7,-3,4,25,14,16,14,11
610119585223,6,18,-7,47,19,45,14,24
610119592029,5,10,-8,13,1,-39,-56,19
610119592029,24,12,-1,20,45,13,-2,31
610119592717,11,13,4,14,6,6,-6,18
610119592717,19,4,-15,-6,-3,-12,-3,-6
610119600233,32,10,9,6,-1,7,62,15
610119600233,8,5,1,17,7,13,-4,-11
610119601688,11,2,-5,3,14,-4,11,3
610119601688,-2,0,-4,15,12,20,29,5
610119606989,-4,11,0,17,19,26,31,12
610119606989,2,13,1,6,4,6,35,3
610119607766,6,18,10,24,15,34,26,-6
610119607766,12,6,4,45,27,37,-1,-13
610119615075,7,9,-3,58,43,52,44,9
610119615075,19,18,5,-4,12,-2,-18,18
610119616659,-11,-6,-10,10,-9,36,-5,-7
610119616659,-34,-11,-8,22,-1,21,4,-8
610119621187,-2,-10,12,-32,2,-37,-16,-2
610119621187,-29,-43,7,-26,-31,65,50,-19
610119637318,1,9,-12,25,43,-38,-43,8
610119637318,7,-6,76,-51,-23,-80,-56,28
610119645182,-19,0,64,-51,-40,-52,17,8
610119645182,-13,43,36,41,25,-23,-12,2
610119651890,32,16,14,-5,-2,-10,-3,25
610119651890,24,46,-27,4,4,8,54,55
610119666829,-14,7,-46,28,17,-43,71,-12
610119666829,-21,5,-58,26,25,-2,-5,-3
610119667619,-58,-6,-50,49,40,67,60,-41
610119667619,-34,-54,-42,-39,-34,-55,31,-47
610119681181,4,22,-25,35,36,-1,7,-11
610119681181,21,-13,-26,-25,-19,-27,-14,-16
610119688677,51,22,2,-1,12,-39,33,36
610119688677,-1,-2,7,14,-27,-20,-5,-8
610119703698,-4,4,12,27,18,39,0,4
610119703698,31,46,18,62,41,66,-54,8
610119711944,-21,-42,8,-3,-22,17,5,9
610119711944,11,8,8,10,13,117,61,15
610119726916,-44,-41,5,-54,-31,-25,-84,-34
610119726916,36,43,30,43,37,-36,4,21
610119727662,10,35,78,8,-4,-55,-48,2
610119727662,-49,-23,25,-34,-25,-23,-9,-47
610119741408,-9,-22,-6,-46,-53,-24,26,9
610119741408,-65,-46,-21,-31,-46,64,68,-59
610119748962,55,35,-23,18,18,35,22,14
610119748962,67,41,-62,17,42,50,-7,8
610119763743,42,35,-54,-6,7,44,8,4
610119763743,-5,-9,-49,-17,2,-33,27,13
610119772136,-15,-10,-41,7,11,14,45,0
610119772136,-20,13,2,55,46,35,0,6
610119787106,29,-30,5,-49,-46,-21,-28,-3
610119787106,4,7,21,-3,4,-1,2,5
610119787720,-56,-52,24,-53,-48,-34,-41,-31
610119787720,55,22,20,-22,-7,-39,-19,48
610119801346,-32,20,-2,62,46,58,13,13
610119801346,-40,-15,-2,14,3,-2,-3,-4
610119808907,-5,-9,-21,-31,-12,1,18,-12
610119808907,22,-6,-19,-10,-2,-25,-1,6
610119823806,8,12,-17,39,27,11,19,-9
610119823806,-28,-56,13,-67,-57,-44,-44,-34
610119832133,-32,16,22,26,27,18,22,-8
610119832133,-8,-19,39,-28,-20,-8,-1,-14
610119847062,64,56,43,33,48,23,27,47
610119847062,-11,-9,13,-1,-1,-2,24,13
610119847763,19,31,6,14,14,70,4,17
610119847763,-51,-53,-17,-28,-40,-5,-19,-33
610119861404,-10,-14,9,-7,-11,-48,-33,-9
610119861404,-32,0,13,34,11,65,42,-2
610119868923,23,-20,2,-22,-26,-51,-20,-1
610119868923,-18,11,0,22,25,12,20,0
610119883718,-19,-65,-23,-60,-62,22,-18,-42
610119883718,-43,-44,-8,-26,-42,-26,-25,-40
610119891926,-32,-5,-15,6,-2,5,2,-14
610119891926,-18,-27,-5,-35,-30,-46,5,-8
610119906967,-65,-30,-4,25,-14,47,31,-18
610119906967,14,35,8,27,35,16,23,19
610119907673,25,3,18,-6,-7,0,2,16
610119907673,-17,4,12,5,8,-14,11,-2
610119921208,-12,-1,0,-5,-7,12,-16,2
610119921208,50,58,6,40,59,-4,2,29
610119928670,-14,-58,-13,-52,-52,-44,-30,-28
610119928670,-56,-30,-4,-7,-20,-2,-27,-40
610119943722,8,6,9,-2,2,-4,-23,-6
610119943722,7,-28,-1,-67,-40,-51,-21,-13
610119952137,-48,-27,1,-1,-18,47,16,-19
610119952137,6,47,17,61,58,42,29,12
610119967037,24,5,10,-17,-9,-18,-6,3
610119967037,12,-22,-8,-25,-27,-13,-6,1
610119967760,-11,15,-6,32,22,41,32,8
610119967760,24,35,-16,48,45,30,24,30
610119981404,10,-18,-6,-41,-42,-28,-18,1
610119981404,-12,-49,-10,-38,-47,-9,-26,-12
610119988882,-18,11,-5,9,10,-2,1,-9
610119988882,14,3,-5,-1,0,-9,-28,3
610120003834,-9,-22,-2,-46,-24,-54,-7,-23
610120003834,-19,-30,-6,-43,-36,-1,3,-5
610120012132,-15,20,1,55,41,26,25,4
610120012132,8,36,16,22,31,1,16,15
610120026958,20,19,5,11,6,6,4,21
610120026958,26,11,7,4,7,-6,-1,13
610120027783,3,-14,-3,-20,-15,-16,-1,1
610120027783,-9,-3,-12,8,3,29,25,4
610120041377,18,21,-13,-5,13,-19,0,5
610120041377,-14,-20,-3,-10,-19,-21,-14,-7
610120048825,-15,-1,-4,-2,4,-16,-6,-11
610120048825,8,-15,-4,-18,-20,-24,-25,-5
610120063887,-18,-19,8,-29,-16,-13,-1,-17
610120063887,-18,-24,9,-35,-38,5,-22,-11
610120072111,-2,-24,10,-49,-42,-27,-21,-4
610120072111,-44,-28,5,-21,-30,-3,-20,-22
610120087135,-37,25,5,78,63,66,32,2
610120087135,37,53,-1,22,42,-5,7,24
610120087807,12,-12,-2,-19,-17,-23,-19,-3
610120087807,-3,-18,-4,-31,-21,-20,2,-3
610120101212,-30,-11,-10,16,4,33,23,-5
610120101212,-5,32,-12,61,43,61,46,17
610120117168,65,22,-12,-44,-1,-59,-19,21
610120117168,-35,-31,-8,-9,-19,4,-12,-28
610120123923,-41,-15,-5,20,10,9,4,-22
610120123923,3,12,3,9,10,4,4,3
610120132134,-4,-5,5,-1,-4,-9,-16,-5
610120132134,10,-8,3,-32,-16,-40,-9,-2
610120147076,-12,-31,5,-42,-45,-24,-8,-9
610120147076,-42,-16,-6,-1,-9,2,13,-13
610120147774,-34,16,-1,75,42,72,33,0
610120147774,0,30,-3,64,56,39,29,6
610120161252,7,43,1,46,51,29,25,15
610120161252,39,0,1,-18,-16,-22,-13,15
610120168963,-13,-14,0,-10,-11,19,13,-10
610120168963,-4,4,-11,-11,-7,5,15,8
610120183837,3,12,-6,2,11,20,10,14
610120183837,1,11,-5,7,7,36,29,10
610120192033,1,21,-3,27,24,18,-2,13
610120192033,16,11,5,-4,5,0,-2,16
610120207045,3,1,2,0,-5,15,14,11
610120207045,6,22,-2,57,40,36,9,10
610120207741,15,22,2,37,40,19,0,12
610120207741,14,18,8,36,21,4,10,4
610120221306,18,1,12,10,11,-11,-10,-7
610120221306,20,-13,20,-51,-47,-58,-40,-16
610120228949,13,-16,22,-62,-48,-58,-16,-10
610120228949,36,10,42,-32,-51,-71,-20,10
610120243854,28,-21,23,-67,-68,-72,-43,6
610120243854,-8,-51,14,-57,-33,-65,-34,-19
610120252013,-34,-53,-5,-56,-56,-37,-32,-32
610120252013,-19,-5,-19,-19,-13,-4,-8,-8
610120267054,-41,-13,-26,4,-10,-2,-4,-26
610120267054,-3,8,-5,10,3,0,-7,-4
610120267773,-1,-22,-19,-31,-23,-39,-16,-12
610120267773,-54,-36,-28,-11,-6,52,9,-27
610120281317,47,48,-7,29,12,41,27,37
610120281317,18,-2,-28,5,6,14,4,15
610120288808,30,8,-19,13,5,14,5,23
610120288808,10,3,-23,1,1,-5,-1,7
610120303749,-2,-10,-22,-16,-1,23,4,0
610120303749,-13,13,-9,9,7,-21,21,4
610120311943,-2,4,-5,5,-2,6,6,7
610120311943,8,-11,7,-29,-13,-6,0,10
610120326272,-14,-71,-2,-61,-54,-69,-53,-34
610120326272,-22,4,-8,9,2,-7,9,0
610120334417,-28,-26,10,-36,-15,17,-13,-20
610120334417,52,73,30,70,39,7,44,67
610120341248,33,58,11,62,-38,8,34,46
610120341248,-6,-43,-26,-36,-48,-31,-40,-20
610120348721,13,65,-7,74,60,44,55,46
610120348721,40,2,-16,-27,-19,-10,-4,15
610120363724,2,8,-10,10,38,35,14,14
610120363724,-5,-50,-29,-57,-28,1,-39,-27
610120371929,-17,10,-40,11,10,37,6,-10
610120371929,-27,-15,-19,-7,-6,-78,-36,-40
610120386254,-49,-51,-23,-46,-47,-127,-27,-46
610120386254,-51,-9,27,16,38,-120,2,-36
610120394400,-1,-17,53,-15,0,-128,-7,-24
610120394400,11,23,41,35,38,-61,21,-19
610120409444,-56,-62,-7,-49,-14,-62,-46,-59
610120409444,-11,7,2,-13,-45,-11,5,-25
610120410170,53,47,24,46,35,29,38,23
610120410170,49,8,-8,-33,-20,-21,-11,8
610120423927,-11,33,-32,26,23,24,23,12
610120423927,-49,16,-27,65,70,72,37,19
610120432177,-18,-8,-28,6,32,32,5,14
610120432177,-62,-51,-50,-16,-2,30,-28,-31
610120446420,-49,-30,-8,-43,30,68,-11,-20
610120446420,12,8,0,5,18,48,10,19
610120454574,27,-5,-6,-61,-55,-54,-25,-1
610120454574,-35,-63,-14,-66,-56,29,-47,-29
610120469635,51,7,39,-5,-10,-8,-2,27
610120469635,33,23,19,-43,-66,-41,-5,0
610120470281,-49,-31,3,-7,-13,-24,-17,-29
610120470281,-38,-41,30,-50,-11,-45,-10,-11
610120483904,31,13,51,9,0,-15,12,20
610120483904,15,-57,15,-75,-64,-50,-63,-21
610120492149,-19,-7,11,-7,-16,18,-12,-22
610120492149,30,74,60,78,65,49,63,35
610120506427,19,48,19,58,55,69,51,22
610120506427,-26,-25,-19,15,17,63,-17,-7
610120514429,-8,-28,4,-51,-53,87,-22,-7
610120514429,39,48,12,39,18,79,34,37
610120529573,0,1,0,-8,11,21,4,4
610120529573,8,34,-4,34,42,-90,36,13
610120530201,-1,18,5,21,0,-89,5,-11
610120530201,-50,-61,-13,-51,-31,-90,-40,-32
610120543746,5,-3,12,-12,-28,-107,-20,-9
610120543746,-55,-9,17,31,47,-21,17,-10
610120552000,-20,-28,28,-22,-14,-70,-9,-6
610120552000,-8,-51,0,-53,-60,-91,-47,-26
610120566260,-6,-36,18,-41,-46,-18,-42,-23
610120566260,59,18,43,-16,-24,25,5,35
610120574631,44,-2,-9,-60,-57,-16,-25,-2
610120574631,-5,-44,0,-57,-55,50,-35,-12
610120589466,26,-4,2,-11,-10,20,-4,16
610120589466,53,6,-19,-70,-69,23,-16,7
610120590220,-10,-36,-28,-53,-47,21,-36,-25
610120590220,55,55,1,30,6,39,31,33
610120603847,49,20,-17,-23,-53,9,-4,10
610120603847,4,-10,-6,-37,-48,-12,-23,-21
610120612124,23,-11,6,-8,-8,26,-5,17
610120612124,-11,-71,-21,-73,-68,-9,-61,-31
610120626403,-41,-54,-2,-43,-17,58,-29,-26
610120626403,21,-8,21,-9,-14,26,-6,16
610120634694,23,-24,-12,-67,-59,-42,-35,-6
610120634694,13,0,1,-20,-32,-29,-15,-8
610120649582,29,59,24,55,24,-2,39,22
610120649582,18,49,9,51,49,39,44,27
610120650303,-63,-32,-23,22,26,8,-16,-29
610120650303,-48,-14,0,9,38,60,3,-12
610120663887,30,-13,4,-17,-9,-5,-11,14
610120663887,26,32,-8,31,26,2,23,20
610120672017,-41,-16,-25,20,10,-6,-12,-23
610120672017,-33,-27,-1,-30,-1,44,-4,-17
610120686321,17,-12,21,-15,-2,34,-6,13
610120686321,22,-38,-2,-74,-71,-27,-45,-5
610120694464,12,7,4,-9,-15,-36,-5,-2
610120694464,-1,43,31,51,50,19,36,9
610120709402,-11,0,18,5,11,0,10,5
610120709402,26,10,17,-20,-37,-51,2,-1
610120710192,-3,-1,28,-14,-17,-10,-8,-11
610120710192,17,51,59,46,29,-3,42,25
610120723690,15,65,49,68,65,-38,58,27
610120723690,-58,-61,52,-27,-4,-3,-36,-35
610120731905,-44,-62,89,-65,-18,-3,-27,-24
610120731905,-6,-1,60,17,28,44,9,10
610120746192,-9,-51,-55,-51,-25,-33,-33,-10
610120746192,-42,-57,-114,-55,-33,-46,-40,-31
610120754393,44,10,-70,-10,-7,-1,7,32
610120754393,50,-11,-82,-71,-71,-49,-29,8
610120768754,11,-9,-36,-54,-54,-20,-24,-4
610120768754,-9,53,-35,62,44,39,26,14
610120785906,-11,8,-24,38,35,10,13,17
610120785906,-55,-22,-27,14,13,10,-20,-31
610120786745,-56,-20,7,43,45,19,-6,-17
610120786745,3,-12,23,-5,2,12,0,6
610120798758,11,-42,-31,-54,-56,-30,-40,-14
610120798758,-27,-73,-40,-75,-61,-46,-56,-32
610120806305,11,-1,-20,-25,-25,-14,-13,-7
610120806305,-27,16,25,62,67,53,25,7
610120815212,5,6,6,7,3,9,7,9
610120815212,46,-10,-36,-54,-58,-68,-17,4
610120828906,-25,-4,3,-3,0,4,-2,-18
610120828906,21,-7,-2,-38,-37,-31,-12,-2
610120844542,-44,21,23,67,70,54,27,-2
610120844542,27,-16,-6,-4,-5,10,-3,15
610120845319,9,18,16,28,23,-11,15,8
610120845319,-32,-34,-27,-14,-14,0,-29,-22
610120852836,8,8,1,-11,-15,-33,-4,-6
610120852836,-20,42,47,65,62,34,30,8
610120866455,12,-15,-11,-17,-19,3,-7,4
610120866455,9,33,45,56,46,3,28,14
610120875266,11,-52,-54,-47,-42,-22,-25,-2
610120875266,3,15,10,0,-2,-8,10,-5
610120888905,-27,-28,-28,-48,-24,6,-25,-13
610120888905,12,31,43,-1,8,4,25,7
610120897755,-1,6,2,1,2,22,5,8
610120897755,16,37,34,10,6,-38,8,12
610120903844,-54,-29,-22,18,12,15,-21,-24
610120903844,12,-40,-33,-67,-64,-26,-33,-13
610120912764,-38,20,30,55,55,36,15,-4
610120912764,-1,32,32,16,16,14,23,6
610120926831,11,3,9,-3,-7,1,-2,8
610120926831,-13,12,18,41,34,14,13,8
610120935346,36,-31,-39,-58,-61,-40,-18,-2
610120935346,-34,-17,-14,-3,-5,5,-15,-23
610120948971,5,-15,-15,-27,-31,-39,-11,-4
610120948971,-29,-9,-12,26,20,17,-3,-5
610120957834,57,27,24,-22,-13,-22,21,24
610120957834,-11,-21,-20,-8,-8,12,-5,4
610120963848,32,39,45,23,11,-13,20,13
610120963848,-22,-55,-53,-48,-43,-21,-46,-21
610120972812,-6,18,19,10,6,-6,9,-5
610120972812,-10,-49,-49,-54,-52,-20,-30,-14
610120986415,-47,5,12,69,55,40,10,-8
610120986415,55,17,17,-22,-20,-16,18,16
610120995334,-21,3,3,18,16,18,3,2
610120995334,9,15,16,41,33,17,14,13
610121008931,39,-5,-1,-63,-36,-16,-8,9
610121008931,-19,3,12,2,7,7,0,-14
610121017844,-4,-13,-12,-25,-19,-26,-21,-14
610121017844,-17,-10,-11,18,5,5,-10,-2
610121023908,24,40,36,12,19,7,38,17
610121023908,-9,6,11,18,19,14,-1,5
610121032880,15,31,38,43,43,33,27,14
610121032880,30,-37,-19,-59,-53,-46,-3,3
610121046407,-51,-6,10,23,20,9,-12,-16
610121046407,16,-6,-3,-7,-7,-14,1,3
610121055272,-21,-11,-37,-31,-35,-12,-29,-17
610121055272,-29,40,26,38,39,17,2,1
610121068870,9,-11,-14,0,-6,4,-10,10
610121068870,5,5,4,-8,-5,4,11,9
610121077828,-8,12,25,12,26,12,8,3
610121077828,36,30,19,-24,10,-20,26,13
610121083839,-6,-42,-50,-31,-55,-27,-41,-7
610121083839,-32,7,3,10,16,7,-4,-13
610121092858,-17,30,41,59,59,53,25,7
610121092858,11,12,16,-3,-13,9,11,-4
610121106413,-22,28,24,54,49,46,26,-14
610121106413,67,-28,-53,-92,-85,-70,-17,-1
610121115274,-30,2,4,12,8,1,2,-21
610121115274,-12,-32,-30,-17,-16,-5,-15,-11
610121128831,10,58,42,27,36,24,36,6
610121128831,-1,7,16,28,23,23,-1,15
610121137826,16,-3,-5,-3,-2,-10,8,14
610121137826,2,-45,-56,-50,-45,-41,-26,-7
610121143881,-12,5,12,-6,0,-22,-2,-15
610121143881,-24,-30,-45,-23,-27,-15,-24,-5
610121152845,38,37,39,23,25,22,28,23
610121152845,0,11,9,31,25,39,13,13
610121166214,34,-6,-1,-45,-26,-9,-12,4
610121166214,-35,27,33,27,33,22,10,-9
610121175221,-1,-44,-51,-77,-73,-32,-43,-7
610121175221,-28,54,64,83,82,58,14,5
610121188737,50,-21,-23,-33,-28,-20,10,15
610121188737,-20,21,31,40,37,42,16,-2
610121197709,27,-28,-37,-54,-57,-34,-12,-8
610121197709,-42,-6,6,14,16,13,-18,-17
610121203698,-6,-9,-6,-6,1,-22,-9,-2
610121203698,-10,-27,-42,-7,-15,-2,-9,-4
610121212735,-25,36,38,42,39,46,8,-2
610121212735,61,5,-1,-23,-19,-11,18,22
610121226250,-2,-15,-17,-14,-17,2,-9,7
610121226250,-2,13,16,22,15,12,17,10
610121235216,5,42,45,34,49,-3,17,5
610121235216,15,-61,-61,-59,-58,-32,-25,-3
610121248807,-56,0,7,24,20,21,-10,-17
610121248807,-33,-3,5,10,9,-6,-16,-18
610121257691,-12,-13,-13,-1,-4,-14,-6,-13
610121257691,-4,-2,-1,-17,-8,-26,-14,-5
610121263775,-5,-42,-58,-38,-46,-16,-13,-2
610121263775,47,13,15,-15,-8,-12,17,17
610121272719,1,-23,-24,-19,-21,-13,-12,0
610121272719,-11,5,0,11,7,11,7,1
610121286289,4,48,50,68,66,40,26,12
610121286289,60,10,14,-68,-22,-27,9,17
610121295198,-43,-57,-59,-16,-38,-22,-41,-20
610121295198,-34,23,26,21,21,16,-4,-16
610121308986,10,1,2,-11,-6,-9,-3,-2
610121308986,-7,-8,-8,0,-3,-13,-14,-3
610121317723,2,-28,-27,-47,-42,-23,-13,-4
610121317723,-40,-10,-6,36,17,32,-6,-5
610121323949,4,40,45,13,28,10,26,9
610121323949,24,-9,-8,-1,-6,-7,5,4
610121332746,-3,-6,-2,2,4,-6,-9,1
610121332746,2,-3,-5,-9,-7,-2,2,3
610121346347,-2,2,3,14,2,1,9,4
610121346347,12,16,13,-31,-5,-39,3,8
610121355342,1,-46,-57,-41,-39,-43,-24,-4
610121355342,-20,5,2,1,1,-2,-10,-14
610121368801,3,-16,-15,-26,-26,-35,-15,-10
610121368801,-44,-28,-30,-1,-15,1,-18,-13
610121377838,21,59,67,59,59,50,52,23
610121377838,10,11,11,1,5,15,14,6
610121392810,8,28,29,25,25,-9,30,14
610121392810,-44,-33,-39,-3,-13,17,-31,-24
610121394271,6,17,17,4,2,-13,0,4
610121394271,-10,-50,-52,-47,-46,21,-26,1
610121406409,-17,45,42,41,44,35,9,7
610121406409,8,-3,-1,10,3,8,-6,17
610121415303,-30,-7,-9,18,17,37,-9,-4
610121415303,31,-33,-31,-59,-56,-7,-17,-18
610121428903,-30,-19,-20,-13,-13,-5,-21,-25
610121428903,14,14,18,5,2,-6,8,-9
610121437859,-25,-43,-42,-45,-23,-16,-18,-19
610121437859,10,67,68,60,60,8,41,26
610121452774,49,-32,-33,-41,-39,-6,-9,17
610121452774,-16,6,8,17,13,19,6,0
610121454282,-11,1,2,4,6,18,13,2
610121454282,2,24,24,42,31,26,24,14
610121466449,3,6,5,17,23,2,9,20
610121466449,31,6,10,-47,-25,-32,3,17
610121475330,-42,-15,-17,21,5,2,-20,-21
610121475330,-22,0,-2,-11,-1,-15,-2,-14
610121488924,-8,-10,-9,0,-6,-9,-11,-3
610121488924,-6,-11,-10,-18,-13,-15,-11,-11
610121497805,-13,-29,-29,-36,-20,-1,-8,-12
610121497805,2,58,55,54,53,13,27,20
610121512636,38,4,6,-37,-18,-14,14,18
610121512636,-10,1,2,19,13,14,-1,-4
610121514278,10,10,10,-8,-6,-9,5,7
610121514278,-8,-14,-20,-9,-8,0,-8,-4
610121526424,-11,-8,-9,0,-1,2,5,1
610121526424,7,27,34,29,29,-7,16,11
610121535375,50,8,13,-46,-31,-53,-1,22
610121535375,-3,-62,-66,-60,-57,-51,-44,-21
610121548788,-66,-42,-43,-8,-26,-3,-31,-44
610121548788,-38,10,7,23,17,21,3,-16
610121563766,9,25,27,26,23,14,13,8
610121563766,27,8,12,-11,-4,-37,-4,7
610121571690,6,-48,-46,-75,-73,-36,-26,-10
610121571690,-40,-36,-40,-2,-12,13,-18,-19
610121580289,-19,39,35,60,52,37,17,0
610121580289,29,19,18,-19,-11,-12,23,11
610121586286,19,-6,-7,5,2,1,-9,5
610121586286,-2,-4,-4,-16,-11,12,5,0
610121595235,-1,7,7,13,9,24,16,10
610121595235,-9,22,20,60,45,32,20,17
610121608763,25,24,26,-15,6,-13,18,11
610121608763,10,-40,-49,-40,-39,-29,-28,-7
610121617843,-56,-32,-32,-3,-17,-6,-30,-35
610121617843,-16,-10,-7,-4,-1,2,-6,-11
610121632663,0,6,8,10,10,-2,0,3
610121632663,14,10,10,-2,-1,10,2,4
610121634211,7,-8,-7,-21,-18,-32,-17,-10
610121634211,-15,-46,-45,-58,-57,-29,-25,-17
610121646315,-44,-24,-24,8,-1,20,-11,-16
610121646315,-38,16,15,67,39,42,6,-4
610121655377,24,42,43,25,23,15,28,19
610121655377,25,-12,-9,-11,-7,-8,-6,8
610121669356,8,-17,-19,-20,-19,-13,-12,-1
610121669356,-16,-18,-16,-9,-9,3,-5,-8
610121677809,-9,6,7,18,15,21,11,3
610121677809,-4,26,27,49,39,32,19,14
610121692686,20,35,38,4,19,7,16,13
610121692686,40,-1,0,-52,-31,-30,5,16
610121694245,-19,-51,-52,-42,-48,-30,-40,-25
610121694245,-46,-31,-31,-4,-17,-10,-29,-30
610121706438,-41,-2,-1,22,11,15,-8,-22
610121706438,-14,26,28,16,21,5,12,-6
610121715353,10,3,1,-27,-13,-14,8,-2
610121715353,3,-15,-16,-13,-12,-9,-8,-2
610121728937,-6,-5,-6,10,1,5,-5,-2
610121728937,6,-6,-2,-8,-5,-20,0,-1
610121737773,-1,-25,-26,-44,-33,-13,-10,-4
610121737773,-19,-10,-16,-13,-17,-9,-7,-11
610121752795,-7,-26,-30,-48,-43,-21,-7,-10
610121752795,5,-10,-8,-20,-25,-18,-3,-4
610121754246,-14,-19,-30,5,-21,-14,-14,-7
610121754246,-19,-7,-14,10,-10,0,-8,-10
610121766432,-24,-3,0,23,13,18,-8,-9
610121766432,-27,13,17,34,33,26,3,-2
610121790932,18,30,31,12,24,13,23,16
610121790932,22,-8,-5,-14,-3,-3,1,5
610121791735,9,-10,-10,5,-4,1,4,0
610121791735,-4,-1,-2,16,7,4,0,0
610121797689,0,24,26,34,26,28,19,9
610121797689,11,14,17,-1,9,-1,8,6
610121812623,13,25,21,29,24,23,23,21
610121812623,18,4,-4,-8,-1,-19,-1,11
610121814217,24,-59,-66,-78,-77,-68,-33,-15
610121814217,-60,-41,-43,-11,-37,-22,-41,-35
610121826212,-35,0,-1,15,3,6,-7,-19
610121826212,-15,-32,-35,-30,-18,-13,-11,-21
610121835244,-36,19,7,66,67,53,12,5
610121835244,-20,30,15,68,56,48,23,5
610121848737,0,-5,-1,-12,-5,-8,-8,-7
610121848737,20,-6,-8,0,-7,-3,-3,10
610121863757,-2,-7,-4,-7,-11,-7,-6,-7
610121863757,24,15,21,17,11,14,20,16
610121872630,29,-13,-33,-62,-45,-38,-6,7
610121872630,-44,-5,-6,4,-4,5,-17,-29
610121874219,2,0,-1,14,-2,-11,-9,-3
610121874219,1,-35,-35,-37,-29,-31,-10,-4
610121886237,-31,0,1,49,25,30,-6,-2
610121886237,30,31,31,15,20,17,34,28
610121895239,28,7,9,-6,-1,4,14,13
610121895239,13,28,38,30,25,20,15,5
610121908722,35,-6,-7,-45,-27,-39,7,14
610121908722,-26,-24,-22,-3,-11,-7,-21,-14
610121917768,-18,10,15,18,7,-1,-2,-17
610121917768,-9,15,19,34,30,45,9,-7
610121932645,-2,2,6,44,31,41,11,-9
610121932645,-40,-33,-26,6,-12,-24,-33,-24
610121934231,-17,-39,-43,-70,-53,-36,-27,-20
610121934231,42,30,42,-9,8,3,34,32
610121946297,17,39,40,56,55,45,37,27
610121946297,33,-8,-22,-60,-49,-51,4,16
610121955251,-49,-2,-5,35,29,26,-20,-28
610121955251,10,-45,-61,-76,-65,-37,-31,-14
610121968802,25,13,16,0,-9,-14,12,21
610121968802,-4,0,0,14,8,20,10,0
610121977716,3,-66,-64,-74,-73,-62,-22,-6
610121977716,5,18,16,23,17,7,6,9
610122000175,-33,-50,-56,-37,-36,-5,-25,-24
610122000175,31,36,38,6,21,19,32,37
610122001724,2,23,30,36,35,44,23,29
610122001724,5,-43,-52,-69,-67,-53,-21,-1
610122006295,-23,17,21,21,15,12,1,-18
610122006295,3,-37,-40,-47,-50,-30,-17,-30
610122015368,0,66,65,68,52,36,27,-6
610122015368,10,-12,-10,-5,-3,2,-2,3
610122028849,19,29,36,-3,-2,13,3,3
610122028849,-36,-32,-35,-10,-13,-13,-34,-29
610122037769,-1,-18,-16,-47,-44,-22,-16,-19
610122037769,-14,70,72,73,58,38,32,7
610122052650,19,0,1,-1,-5,-6,2,20
610122052650,23,47,57,65,36,12,26,22
610122054239,-28,-33,-29,9,3,-5,-33,-15
610122054239,16,9,12,4,2,-9,4,6
610122066376,-32,-19,-26,11,15,10,-11,-3
610122066376,41,16,15,-16,-15,-2,21,29
610122075269,5,15,10,6,6,17,18,12
610122075269,11,21,26,-1,7,-3,7,2
610122088941,-12,-40,-41,-25,-27,-21,-26,-10
610122088941,-19,4,4,9,12,17,0,-10
610122097758,17,-6,-3,-33,-27,-34,-6,2
610122097758,-34,-2,-6,45,42,9,-6,-13
610122112736,35,9,5,-14,-13,-13,16,20
610122112736,2,8,8,6,7,12,10,6
610122114348,17,32,35,41,30,16,20,20
610122114348,2,-40,-42,-60,-45,-31,-16,-5
610122126437,-20,20,26,6,6,-3,3,-14
610122126437,-11,-2,-2,16,8,4,-7,-4
610122135339,0,-11,-10,-25,-24,-36,-17,-11
610122135339,-34,-16,-14,31,24,37,-12,-16
610122148878,0,43,44,21,19,11,24,2
610122148878,19,-11,-11,-22,-18,-8,-5,8
610122157791,-18,-6,-8,20,17,27,3,-2
610122157791,22,32,42,-4,6,-22,10,13
610122172777,4,-57,-62,-67,-55,-44,-29,-11
610122172777,-48,6,6,24,21,22,-7,-24
610122174272,19,-2,1,-18,-16,-27,-3,6
610122174272,-17,-54,-57,-55,-59,-26,-24,-18
610122186386,-19,31,31,71,68,58,11,4
610122186386,30,-1,-2,-23,-16,-16,11,15
610122195339,-4,-13,-16,-4,-4,0,-4,1
610122195339,-7,18,14,33,29,36,18,7
610122208856,25,17,23,-27,-19,-34,13,6
610122208856,-22,-40,-51,-47,-34,-24,-35,-23
610122217867,-42,-11,-11,6,5,7,-19,-27
610122217867,-4,5,4,6,6,-1,-4,-5
610122231980,-8,-44,-43,-46,-51,-24,-18,-13
610122231980,-31,-1,-3,52,36,39,-2,-12
610122238917,33,23,27,-2,6,6,29,24
610122238917,0,-13,-13,-21,-17,-9,-6,1
610122246448,-3,11,3,29,28,32,15,11
610122246448,36,33,45,20,14,-8,20,19
610122255296,-24,-40,-42,-17,-25,-17,-35,-21
610122255296,-20,16,17,18,18,16,1,-9
610122268846,9,11,13,12,5,-6,2,5
610122268846,-17,-38,-40,-64,-60,-31,-22,-13
610122277869,-23,11,9,70,49,51,7,-4
610122277869,16,42,48,20,20,13,36,12
610122299360,11,-19,-20,-12,-14,-13,-9,6
610122299360,-9,11,4,7,16,19,12,4
610122315802,19,27,30,34,25,8,13,13
610122315802,23,-29,-25,-75,-57,-46,-12,1
610122316625,-36,-24,-22,8,-1,-3,-29,-25
610122316625,-20,10,12,26,25,18,-7,-10
610122318248,12,-2,-4,-25,-18,-22,-4,1
610122318248,-20,-42,-46,-57,-48,-28,-28,-21
610122328927,-23,7,22,54,32,37,8,-10
610122328927,22,47,62,12,26,15,31,18
610122337795,24,-8,-19,-41,-31,-24,5,16
610122337795,-15,-5,-7,11,16,15,0,0
610122352044,19,42,37,33,33,25,16,17
610122352044,9,-37,-49,-54,-61,-51,-22,-7
610122358905,-32,-4,-3,-18,-9,-3,-15,-22
610122358905,1,16,14,24,19,7,7,2
610122375145,-6,-38,-42,-41,-55,-34,-11,-6
610122375145,-17,23,24,47,52,44,4,-2
610122376697,17,5,3,-5,1,1,11,20
610122376697,5,15,11,35,21,27,14,12
610122388857,6,1,3,-57,-17,-17,9,7
610122388857,-26,-12,-15,18,1,-1,-24,-24
610122397858,-26,-12,-13,-8,-14,-4,-12,-20
610122397858,-18,-12,-6,-19,-10,-7,-13,-12
610122412032,-15,-5,-11,22,11,11,-9,-8
610122412032,4,4,5,-13,-8,-3,4,8
610122418860,18,-2,0,-19,-5,-9,2,13
610122418860,-4,-16,-23,-13,-10,-3,-11,-2
610122435228,12,36,44,33,28,13,9,9
610122435228,20,-35,-32,-61,-62,-53,-9,11
610122436788,-36,-15,-16,-4,-7,-1,-16,-24
610122436788,8,8,15,-4,1,-13,-2,1
610122448868,-6,-49,-51,-62,-60,-43,-21,-8
610122448868,-16,15,16,58,60,56,6,-1
610122457786,19,45,56,16,27,18,36,20
610122457786,9,-10,-15,-5,-5,-3,-4,1
610122472174,-4,3,2,-5,6,10,3,2
610122472174,3,12,9,33,25,24,13,5
610122478861,3,-13,-10,-49,-35,-33,-13,-6
610122478861,-10,-36,-47,-34,-35,-30,-29,-10
610122495190,-25,1,-2,7,8,4,-4,-19
610122495190,5,6,7,0,0,-10,1,-2
610122496764,2,-24,-22,-26,-24,-29,-20,-9
610122496764,-29,-28,-41,-1,-7,5,-13,-17
610122508984,-1,46,54,55,57,37,17,3
610122508984,7,-1,-3,-20,-13,-13,3,3
610122517786,14,-19,-25,-10,-10,-6,-4,11
610122517786,5,2,7,2,1,4,-1,2
610122532168,13,18,14,19,24,20,13,16
610122532168,19,33,45,32,24,8,15,14
610122538965,-5,-46,-51,-34,-42,-28,-14,-4
610122538965,-27,20,26,25,23,17,-2,-14
610122555165,-8,-5,-6,-12,-10,-12,-5,-8
610122555165,-15,-38,-38,-57,-48,-35,-29,-16
610122556749,-32,-18,-30,8,0,13,-13,-17
610122556749,-4,15,18,56,30,21,2,-1
610122568747,29,20,24,-19,-2,-6,24,18
610122568747,11,-20,-24,-17,-16,-12,-8,4
610122577763,-3,18,18,24,24,30,15,5
610122577763,4,14,15,17,15,18,21,13
610122591945,-1,22,20,28,25,20,2,6
610122591945,-6,-62,-66,-62,-49,-43,-22,-6
610122598742,-31,-7,-7,18,3,10,-17,-22
610122598742,0,-2,-1,-16,-22,-27,-11,0
610122615093,-2,-36,-37,-57,-53,-46,-20,-10
610122615093,-11,-24,-28,-26,-11,-4,-5,-3
610122616722,0,58,64,69,69,48,23,9
610122616722,33,13,13,-30,-15,-15,20,22
610122628817,-3,-16,-18,-8,-9,-5,-9,-7
610122628817,-12,20,15,19,23,25,11,1
610122637778,0,12,12,21,20,15,12,8
610122637778,16,2,4,-52,-22,-24,-1,7
610122651937,-3,-51,-63,-60,-45,-38,-29,-7
610122651937,-12,7,14,16,15,12,-12,-8
610122658811,-12,5,5,-12,-4,-2,2,-10
610122658811,-5,5,13,18,14,6,1,-6
610122675079,-21,-21,-43,1,-9,1,-8,-10
610122675079,-5,47,50,43,35,29,20,3
610122676686,-7,-28,-28,-21,-30,-31,-26,-12
610122676686,15,-19,-22,-15,-14,-11,-5,5
610122688848,-10,-6,-2,-5,2,5,-8,-7
610122688848,7,20,12,29,23,22,13,9
610122697770,25,23,35,-20,-5,-14,7,15
610122697770,-11,-45,-47,-27,-30,-21,-21,-14
610122712192,-25,16,20,17,17,13,-4,-17
610122712192,-3,7,7,-2,2,-4,-3,-5
610122718945,-5,-19,-18,-45,-27,-30,-19,-11
610122718945,-25,22,18,59,55,50,4,-5
610122735309,11,31,43,18,20,13,12,11
610122735309,31,-10,-11,-23,-18,-18,7,20
610122736818,-5,-7,-18,4,0,12,0,-3
610122736818,18,30,45,26,47,17,15,8
610122748830,3,-30,-45,-47,-51,-44,-14,-1
610122748830,-32,-26,-20,-9,-10,-8,-32,-22
610122757878,-23,1,-1,4,7,4,1,-9
610122757878,-17,-36,-37,-48,-48,-33,-14,-19
610122772064,0,31,35,54,54,50,19,5
610122772064,15,-14,-22,-20,-20,-11,2,11
610122778966,32,27,28,39,24,35,26,32
610122778966,-13,-39,-48,-33,-41,-46,-34,-11
610122795175,-10,-6,10,-26,-9,-20,-10,-6
610122795175,-7,62,63,60,67,51,14,0
610122796729,6,-5,-5,-6,-5,4,7,17
610122796729,-16,-7,12,-41,-37,-32,5,5
610122817836,-28,-41,-40,-44,-44,-42,-22,-11
610122817836,-8,46,32,-8,12,12,26,3
610122819342,2,28,24,16,16,10,24,1
610122819342,-27,6,-3,19,17,19,-13,-22
610122832132,-1,-31,-26,-10,-14,-13,-13,-11
610122832132,13,-17,-14,-7,-14,-8,8,17
610122838969,17,-20,-12,-67,-41,-46,-4,6
610122838969,-17,9,8,-1,3,2,-13,-18
610122855273,4,0,-2,-19,-21,-10,-7,-6
610122855273,18,44,44,52,44,41,31,17
610122856822,18,-18,-25,-22,-15,-10,-3,9
610122856822,10,20,18,23,24,23,19,13
610122868977,5,-44,-49,-37,-46,-38,-15,-2
610122868977,-18,-10,-7,-8,-12,-10,-6,-11
610122877774,0,-17,-11,-37,-32,-37,-12,-3
610122877774,-10,-12,-24,26,7,12,-9,-9
610122891988,22,48,49,49,45,38,34,26
610122891988,11,-8,-8,-6,-9,-8,2,6
610122898795,7,47,48,66,54,43,18,10
610122898795,-5,-57,-68,-41,-46,-37,-19,-9
610122915181,-14,14,12,5,6,2,5,-7
610122915181,-11,-46,-42,-40,-19,-22,-21,-13
610122916747,4,43,46,41,39,32,25,9
610122916747,9,-5,-10,-13,-3,1,-4,7
610122928750,10,30,40,13,32,17,7,11
610122928750,-15,-34,-42,-19,-30,-24,-34,-20
610122937772,-14,-29,-33,-23,-26,-29,-26,-16
610122937772,-10,2,-3,6,6,5,0,-10
610122952459,-1,22,24,-5,9,6,14,5
610122952459,-12,8,-5,24,12,19,-1,-9
610122958768,1,-22,-21,-70,-47,-54,-6,-2
610122958768,-2,-32,-40,-49,-38,-34,-28,-12
610122975108,-23,-8,-15,2,-4,-2,-9,-14
610122975108,-4,-41,-40,-50,-29,-22,-11,-8
610122976727,-14,-2,-2,47,11,22,-13,-10
610122976727,16,2,7,-24,-18,-19,16,17
610122988771,3,-23,-24,-12,-16,-3,-10,-4
610122988771,11,29,19,28,25,8,17,11
610122997749,7,-8,-7,-49,-18,-24,8,5
610122997749,-10,8,13,-5,-2,-5,-9,-7
610123011935,-9,-11,-8,-9,-10,-11,-15,-10
610123011935,-1,-23,-17,-28,-13,-6,-4,1
610123018751,4,19,19,30,26,27,14,10
610123018751,17,24,24,13,12,9,21,21
610123035200,10,0,-1,1,4,12,15,12
610123035200,10,37,40,41,39,37,20,12
610123036775,-13,-47,-59,-28,-32,-26,-28,-16
610123036775,-17,2,3,-6,3,5,2,-11
610123048755,-10,9,2,27,18,16,-3,-8
610123048755,-9,-36,-44,-34,-35,-25,-11,-12
610123057762,-18,13,12,43,39,44,-2,-13
610123057762,11,16,18,24,20,18,11,12
610123071986,2,-39,-43,-37,-37,-30,-19,-6
610123071986,-2,30,29,49,33,29,17,4
610123078961,19,27,44,12,17,-1,14,15
610123078961,1,-63,-66,-88,-74,-70,-23,-7
610123095156,-29,18,20,29,23,16,-9,-26
610123095156,0,8,13,-8,-3,-6,9,3
610123096746,-8,-13,-15,-7,-13,-11,-11,-7
610123096746,-16,-18,-23,15,0,8,-13,-17
610123108809,1,23,29,46,44,37,9,3
610123108809,15,42,49,8,19,6,26,17
610123117962,11,-33,-37,-34,-30,-25,-15,3
610123117962,-6,14,16,19,20,27,7,-3
610123132041,24,28,21,50,37,37,25,21
610123132041,16,-3,16,-34,-19,-27,-4,7
610123139064,-18,-41,-49,-20,-29,-17,-31,-23
610123139064,-18,16,15,22,21,14,-9,-11
610123155206,-16,-11,-13,-17,-15,-15,-4,-11
610123155206,-14,-20,-13,-27,-29,-34,-26,-16
610123156765,-11,-33,-36,-45,-40,-22,-5,-7
610123156765,-5,-7,-20,-20,-3,7,-4,3
610123168976,14,33,35,27,24,12,23,14
610123168976,18,-3,-11,1,-6,0,9,15
610123177911,0,11,11,11,13,12,10,3
610123177911,-10,-14,-10,-17,-15,-8,-2,-8
610123192182,-5,-5,-14,8,0,21,1,5
610123192182,3,-9,3,-35,-12,-26,-13,-3
610123198973,8,-41,-46,-52,-43,-37,-9,-1
610123198973,-4,-21,-18,11,-10,-3,-21,-10
610123214564,-18,-11,-12,-17,-11,-11,-13,-15
610123214564,-19,11,8,28,15,24,0,-13
610123221308,-18,-9,-4,-31,-17,-12,-10,-14
610123221308,-15,-6,-12,14,5,5,-1,-6
610123237682,-6,-20,-30,8,-15,1,-18,-8
610123237682,4,35,40,31,29,25,25,9
610123239265,25,18,16,21,15,12,16,18
610123239265,11,14,19,10,9,5,12,7
610123252097,-3,-25,-25,-35,-29,-28,-9,0
610123252097,-22,-12,-24,8,-1,14,-9,-14
610123258999,13,45,42,63,46,42,24,14
610123258999,35,50,70,24,29,8,23,25
610123274451,23,-13,-8,-59,-23,-34,-1,16
610123274451,-14,-60,-71,-57,-50,-39,-41,-20
610123281303,-39,-16,-16,13,0,4,-20,-26
610123281303,-16,0,-3,0,-2,-3,-1,-16
610123297664,4,6,14,8,1,-7,-3,-4
610123297664,16,2,9,0,-2,-7,2,10
610123299267,-8,-24,-25,-44,-30,-20,-7,-4
610123299267,-22,5,0,56,24,35,-5,-10
610123311960,-4,25,34,9,25,14,10,0
610123311960,10,23,28,-5,10,4,25,14
610123318770,15,-3,-1,0,-2,-9,-6,8
610123318770,4,-4,-2,-21,-11,-7,7,5
610123334494,2,-11,-16,-7,-3,6,7,8
610123334494,3,35,35,61,46,43,16,9
610123341273,12,31,53,2,19,-1,25,10
610123341273,-8,-55,-55,-71,-59,-54,-32,-15
610123357629,-16,-49,-58,-30,-42,-33,-42,-22
610123357629,-33,-10,-12,-3,-7,-3,-19,-24
610123359242,-13,25,22,26,29,26,6,-6
610123359242,17,19,23,6,13,0,9,14
610123371943,-14,-32,-24,-54,-44,-53,-13,-9
610123371943,-20,-46,-69,-28,-37,-17,-30,-17
610123378746,-12,10,-2,55,27,25,-1,-10
610123378746,14,45,59,25,36,21,32,16
610123394459,17,-5,-9,4,-2,0,-6,8
610123394459,5,0,2,1,1,5,11,3
610123401286,-3,8,1,14,13,22,11,8
610123401286,11,29,34,39,27,12,10,10
610123417639,2,-18,-13,-47,-40,-39,-4,-4
610123417639,-2,-50,-54,-55,-45,-36,-23,-6
610123419206,-13,-8,-7,-11,-5,-4,-24,-14
610123419206,-11,-4,-8,-9,-1,-1,1,-7
610123432043,-1,21,25,32,22,11,5,-2
610123432043,-8,-16,-6,-32,-26,-23,-10,-6
610123438784,-22,-44,-58,-55,-36,-19,-25,-17
610123438784,-13,-17,-23,3,-17,-5,-17,-14
610123454648,10,36,43,12,30,19,29,11
610123454648,26,10,13,3,0,-4,13,19
610123461413,8,4,8,-3,1,-5,5,6
610123461413,-7,-15,-21,-16,-14,-7,-4,-2
610123477842,-10,14,7,51,29,41,9,-2
610123477842,5,28,44,-11,10,-14,12,7
610123479309,22,0,12,-58,-26,-49,11,16
610123479309,-10,-51,-57,-46,-46,-39,-31,-13
610123492065,-28,1,-1,8,6,7,-14,-20
610123492065,-12,17,15,27,23,22,4,-5
610123506403,-1,3,5,14,2,-1,-5,-3
610123506403,-7,-21,-15,-57,-32,-40,-12,-9
610123514541,-14,-36,-52,-50,-21,-17,-17,-12
610123514541,-13,27,24,73,51,57,7,-6
610123521350,25,37,47,15,26,19,31,26
610123521350,25,5,4,4,8,6,8,16
610123537678,10,-6,-6,-6,-10,-9,-3,9
610123537678,-7,-9,-25,-1,-5,2,-2,-4
610123539251,6,26,32,58,35,27,5,-5
610123539251,18,37,55,18,34,13,20,16
610123551462,15,-16,-15,-58,-41,-47,2,10
610123551462,-27,-25,-27,1,-14,-9,-29,-23
610123560350,-33,-3,-7,9,9,13,-12,-22
610123560350,-28,14,8,14,13,13,-1,-18
610123574572,-5,9,16,9,8,-2,-6,-7
610123574572,7,-14,-4,-37,-25,-37,-11,-2
610123581437,-8,-34,-35,-53,-42,-42,-19,-12
610123581437,-10,-15,-34,11,-8,5,-7,-8
610123597769,-12,16,7,63,31,43,0,-5
610123597769,-6,7,15,-2,12,5,3,-3
610123599300,12,11,16,-8,1,-8,16,11
610123599300,16,3,7,-31,-15,-23,13,11
610123611348,17,-2,-4,0,-1,1,3,11
610123611348,-1,-4,8,21,21,20,6,6
610123620379,9,8,12,-14,-13,6,7,7
610123620379,-38,-12,-19,13,-7,13,-16,-34
610123634539,-1,6,7,2,4,-15,10,0
610123634539,11,-14,-32,-16,-14,-13,-8,1
610123641249,20,21,30,6,17,1,11,20
610123641249,-1,-16,-7,-1,-1,-3,-20,4
610123657661,6,29,19,47,27,38,4,10
610123657661,-16,-42,-57,-44,-45,-42,-25,-13
610123659220,-24,3,1,24,17,20,0,-8
610123659220,4,-16,-20,-47,-31,-35,-2,-6
610123671283,-27,-1,7,40,18,18,-8,-18
610123671283,9,53,67,21,32,17,19,6
610123680241,7,-25,-34,-12,-19,-13,-9,-3
610123680241,-6,10,9,-2,12,8,6,1
610123702624,7,16,15,19,11,4,5,3
610123702624,20,-18,-8,-41,-44,-38,2,8
610123704241,-33,-28,-42,3,-18,-5,-35,-33
610123704241,-1,8,15,-2,-2,-10,-6,-7
610123717625,-8,-52,-45,-70,-44,-47,-15,-10
610123717625,-17,6,-8,54,19,28,-4,-6
610123719238,18,39,50,13,28,11,25,21
610123719238,16,-10,-11,-6,-8,-11,2,17
610123731372,8,19,17,26,16,15,16,8
610123731372,27,25,34,-16,-5,-21,20,16
610123740250,-39,-50,-57,-18,-34,-39,-37,-32
610123740250,-7,22,24,39,27,23,9,0
610123754458,-9,-34,-49,-37,-28,0,-11,-10
610123754458,2,25,32,-7,14,4,19,4
610123761282,24,8,8,10,8,9,20,21
610123761282,-2,-14,-14,-25,-8,-1,3,4
610123777664,3,42,46,39,48,26,15,10
610123777664,-21,-38,-56,-15,-22,-13,-37,-17
610123779264,-14,-17,-19,-30,-24,-19,-7,-13
610123779264,-18,-2,-15,37,19,39,-3,-9
610123791326,24,21,36,-26,0,-10,30,20
610123791326,-7,-15,-16,4,1,6,-7,-3
610123800305,1,21,14,33,26,22,13,7
610123800305,10,23,18,42,26,6,12,9
610123814481,-7,-27,-20,-41,-44,-44,-18,-20
610123814481,-11,-45,-51,-39,-40,-37,-36,-16
610123821534,-28,-5,-8,0,-1,3,-9,-21
610123821534,7,-3,7,-36,-20,-38,-11,-4
610123837731,-16,-55,-55,-64,-63,-42,-26,-13
610123837731,-7,68,68,67,65,63,41,13
610123839291,24,-19,-17,-32,-22,-22,-4,15
610123839291,-3,-13,-15,-8,-7,3,0,1
610123851505,7,34,28,54,48,44,21,16
610123851505,16,1,19,-52,-29,-43,5,13
610123860414,-35,-27,-46,-23,-19,-14,-28,-29
610123860414,-14,6,4,5,7,8,4,-7
610123874681,-16,-26,-22,-44,-37,-43,-17,-13
610123874681,-22,-8,-18,32,13,29,8,-12
610123881492,0,41,46,45,33,31,14,3
610123881492,1,-12,-12,-23,-20,-22,-7,-1
610123897795,5,18,12,39,26,38,2,9
610123897795,20,-13,-3,-52,-35,-39,-5,5
610123899260,-30,-23,-20,-21,-18,-24,-28,-25
610123899260,-8,5,4,21,8,7,-6,-8
610123911465,9,-3,0,-30,-22,-31,-3,0
610123911465,-14,1,-10,50,31,47,-5,-6
610123920399,44,25,28,9,17,24,28,35
610123920399,13,16,11,1,18,22,18,28
610123934558,9,-41,-34,-58,-57,-55,-24,0
610123934558,-17,15,15,15,9,-10,-9,-12
610123941362,-26,-66,-64,-76,-50,-34,-36,-39
610123941362,-2,44,48,72,57,54,18,-10
610123957754,-2,10,1,1,17,18,9,-6
610123957754,27,8,18,-16,-16,-23,7,-1
610123959297,-31,-8,-12,16,3,3,-13,-21
610123959297,0,-39,-28,-82,-65,-65,-16,-6
610123971522,-13,65,61,89,76,67,33,6
610123971522,20,-8,-5,-20,-10,-11,-2,14
610123980270,4,20,12,31,26,29,20,8
610123980270,25,20,33,2,-9,-9,14,7
610123994512,-33,-28,-28,3,-13,-6,-24,-27
610123994512,-7,-5,-11,14,1,-3,-2,-7
610124001271,-14,-22,-40,-15,-12,11,-9,0
610124001271,26,12,13,-15,2,1,17,19
610124017655,8,9,9,8,13,13,8,10
610124017655,-2,3,3,6,16,29,14,10
610124019214,-3,-49,-42,-51,-56,-60,-30,-9
610124019214,-33,-6,-9,9,8,8,-14,-21
610124031290,7,-29,-21,-49,-42,-53,-23,-9
610124031290,-28,-8,-32,18,22,36,-12,-11
610124040283,12,41,58,-4,6,-15,22,6
610124040283,20,-21,-23,-5,-10,-2,23,15
610124054505,7,23,17,34,32,23,26,13
610124054505,1,-63,-54,-67,-55,-55,-38,9
610124061293,13,28,31,32,16,18,9,40
610124061293,-33,-27,-48,21,18,47,-25,-1
610124077664,30,7,14,8,7,27,19,22
610124077664,22,42,40,49,48,44,21,-3
610124079305,34,-18,-2,-48,-30,-27,-11,3
610124079305,-29,11,13,3,0,-1,-21,-30
610124091279,-26,-49,-52,-49,-28,-2,-27,-24
610124091279,-10,46,36,54,48,61,22,-14
610124100277,-1,-5,-13,-6,12,30,0,0
610124100277,13,-10,4,-48,-49,-47,-4,-25
610124114501,-42,-19,-27,-5,0,5,-22,-28
610124114501,3,-31,-17,-56,-51,-59,-22,-7
610124121311,-23,36,26,84,74,31,23,-8
610124121311,34,-7,-8,-11,-3,1,2,32
610124137003,35,53,51,56,39,61,34,37
610124137003,-14,-24,-24,-7,-12,-3,-19,2
610124143869,7,-3,2,-3,-11,-24,-11,-9
610124143869,-30,-25,-53,-32,-17,-3,-17,-8
610124151311,34,37,49,11,10,-35,29,23
610124151311,-8,1,-2,5,3,5,5,2
610124160269,3,6,1,8,5,17,12,8
610124160269,14,41,41,49,41,37,20,15
610124174679,-34,-20,-25,1,2,3,-24,-25
610124174679,2,2,2,-8,-8,-13,7,-3
610124181537,-13,-27,-18,-49,-41,-27,-13,-18
610124181537,20,35,54,26,13,-10,30,14
610124197140,17,-2,-7,2,3,1,-1,9
610124197140,7,10,7,13,21,14,18,10
610124204081,3,-63,-48,-72,-71,-40,-27,-6
610124204081,0,13,13,32,27,29,11,-2
610124220262,6,-36,-27,-65,-61,-60,-17,-7
610124220262,20,30,39,38,35,10,33,16
610124221797,1,-1,-3,2,6,19,0,4
610124221797,-3,-4,-9,20,17,-7,-14,-2
610124234561,-31,-41,-53,-29,-9,24,-37,-21
610124234561,3,-25,-17,-43,-48,-44,-21,-8
610124241430,-33,7,-10,55,57,60,5,-5
610124241430,14,-16,-12,-12,-8,-2,-4,14
610124257206,12,40,32,54,51,42,33,17
610124257206,-30,-44,-63,-37,-24,-17,-42,-25
610124263818,-5,27,17,14,12,1,5,-5
610124263818,-33,-49,-52,-60,-50,-43,-25,-20
610124280250,8,45,48,33,26,20,21,9
610124280250,12,-16,-13,-18,-16,-1,4,5
610124281788,-2,4,5,8,3,1,7,3
610124281788,3,18,10,17,23,9,11,5
610124294603,-35,-42,-49,-52,-34,-9,-33,-25
610124294603,0,14,22,-5,0,-47,7,-5
610124301284,-27,-48,-46,-51,-13,4,-20,-10
610124301284,5,25,39,-5,11,-2,15,1
610124317085,2,-17,-15,-15,-13,-25,2,7
610124317085,17,7,25,-31,-30,-13,11,6
610124324003,4,1,4,-1,-11,-24,-5,-9
610124324003,16,16,26,-12,-13,-7,5,14
610124340171,41,-3,25,-56,-57,-52,-8,9
610124340171,-38,-72,-70,-82,-58,-40,-55,-29
610124341777,46,14,21,0,-3,-19,19,27
610124341777,-23,-62,-63,-57,-43,-25,-50,-24
610124354564,-31,-7,-11,4,0,-16,-16,-18
610124354564,-20,-2,-22,26,12,25,-6,-6
610124361366,16,1,0,2,-3,-1,6,5
610124361366,4,28,11,50,44,26,23,11
610124377042,-22,-47,-56,-51,-47,-37,-40,-22
610124377042,-15,-27,-25,-29,-31,-10,-14,-7
610124383830,25,40,43,13,21,3,27,20
610124383830,6,-5,-3,-3,5,7,6,11
610124400186,14,-36,-20,-44,-48,-47,-1,-2
610124400186,-15,9,12,12,3,-1,-2,-16
610124401763,3,37,33,46,20,23,29,13
610124401763,17,17,14,27,18,18,20,16
610124414486,-40,-40,-42,-36,-20,-12,-40,-26
610124414486,-46,-67,-71,-64,-22,-17,-36,-23
610124421259,-9,-20,-15,-29,-54,-15,-25,-16
610124421259,4,13,4,19,21,23,12,11
610124436986,0,-49,-50,-43,-36,-37,-24,-4
610124436986,3,-2,5,-24,-21,-34,-14,-9
610124443783,-31,-4,-21,35,33,40,1,-4
610124443783,48,11,22,-13,-18,-11,18,24
610124460132,-16,25,12,52,43,43,11,0
610124460132,-31,-59,-56,-59,-45,-25,-36,-27
610124461742,-34,-3,-4,18,23,17,-10,-17
610124461742,-36,-7,-22,45,40,50,-6,-6
610124474451,6,5,7,-2,-5,-10,9,10
610124474451,8,49,38,77,36,23,21,12
610124481317,-8,-62,-65,-67,-45,-35,-31,-12
610124481317,-4,-3,9,-18,-18,-20,2,-10
610124497001,0,-14,-7,-31,-35,-45,-16,-5
610124497001,-31,14,1,70,41,70,4,-8
610124503788,25,-12,-4,-20,-13,-13,-1,14
610124503788,3,15,11,37,22,13,15,11
610124520224,9,-44,-42,-48,-38,-32,-16,0
610124520224,-31,0,0,-7,-10,-4,-9,-24
610124521762,-30,-32,-33,-30,-1,4,-12,-12
610124521762,-15,-9,-13,-20,-16,-12,-16,-15
610124549433,6,9,6,11,8,7,0,9
610124549433,14,15,15,12,15,1,15,15
610124550213,1,-32,-27,-28,-25,-21,-12,-8
610124550213,-27,-8,-8,-6,-2,-4,-15,-19
610124557785,-7,9,9,15,6,1,-5,-8
610124557785,-11,-47,-42,-61,-54,-25,-21,-12
610124563791,10,70,70,71,54,32,30,5
610124563791,6,-21,-26,-14,-15,0,-15,5
610124579629,16,34,29,60,40,47,28,18
610124579629,13,12,20,-1,13,-9,4,10
610124580356,16,-20,-10,-34,-28,-12,-10,-12
610124580356,-8,-19,-14,-24,-21,-10,-5,-12
610124602134,-22,-16,-16,-18,-9,12,-20,-29
610124602134,-31,0,-15,10,-16,-44,-8,2
610124602838,3,-15,-13,-8,-9,13,-1,83
610124602838,65,40,54,-10,-3,-40,21,-15
610124617852,4,-41,-38,-31,-32,-30,-21,-49
610124617852,6,2,-1,7,13,15,5,-25
610124623883,-10,-21,-21,-32,-40,-48,-7,-9
610124623883,-67,-23,-34,-16,-25,-30,-56,5
610124639661,3,60,70,19,38,4,53,43
610124639661,-3,-8,-13,-18,-8,0,-7,2
610124640360,-11,26,21,40,24,30,10,-7
610124640360,50,18,42,12,12,15,9,39
610124662159,-31,-9,-14,-6,-8,-15,-21,-21
610124662159,13,6,11,2,5,6,1,20
610124662784,8,9,13,-5,-1,-9,26,0
610124662784,-47,-60,-86,-70,-48,-17,13,-46
610124677864,12,62,75,56,47,30,41,17
610124677864,14,-10,14,-23,-3,0,5,3
610124683997,-9,44,46,47,24,23,-5,-21
610124683997,14,-11,-6,-4,-6,-12,-15,2
610124699521,-9,-13,-18,-6,-10,-3,-12,7
610124699521,-25,-8,-24,6,0,32,3,-13
610124700280,29,50,45,56,28,27,22,22
610124700280,14,13,35,26,13,10,2,-1
610124722065,39,-34,-43,-73,-54,-52,-35,5
610124722065,-26,2,14,8,-1,1,-11,-21
610124722876,-6,-9,-11,-5,1,0,-8,-14
610124722876,12,10,5,10,9,18,18,27
610124737793,0,-7,-7,2,-1,0,-2,2
610124737793,8,-5,-2,-7,-9,-7,-6,-8
610124743888,-24,5,-1,-1,6,9,-1,-1
610124743888,-22,3,2,8,6,10,2,-3
610124759420,-12,5,10,13,7,13,3,-6
610124759420,6,-11,-19,-23,-18,-48,-17,5
610124760218,-27,-58,-61,-67,-38,-22,-22,-37
610124760218,-22,-48,-50,-49,-45,50,-25,-30
610124781967,-20,-32,-37,-48,-30,16,-9,-22
610124781967,-41,-30,-36,-22,-26,-3,-5,-5
610124782775,-11,-12,-14,39,4,35,3,-9
610124782775,-36,-27,-48,-47,-22,-27,-28,-25
610124797832,-38,-59,-62,-56,-56,-26,-52,-28
610124797832,-12,-43,-40,-63,-43,-21,-30,-30
610124803830,-14,-15,-12,-18,-16,-26,-24,-25
610124803830,-5,-10,-10,-5,-12,-14,-13,-5
610124819496,6,10,10,18,5,-2,-3,6
610124819496,2,-27,-25,-35,-25,-33,-37,-12
610124820287,-14,-39,-42,-46,-27,-10,-16,-26
610124820287,1,-33,-32,-37,-27,-30,-20,-16
610124835310,-28,-46,-51,-50,-27,-26,-28,-31
610124835310,-36,-19,-29,-5,-20,38,-15,-14
610124841303,-27,-4,-17,20,-1,48,5,-6
610124841303,-21,-2,-16,43,-5,47,8,-4
610124857811,-34,14,16,70,11,75,26,-4
610124857811,-26,2,-5,41,-3,46,3,-5
610124863795,-37,-34,-47,-31,-28,-10,-23,-28
610124863795,-9,6,-6,-28,3,-36,0,-1
610124879507,2,-8,-6,-28,-8,-36,-21,-7
610124879507,26,14,16,4,8,9,12,14
610124880277,17,11,12,-5,7,-13,0,13
610124880277,12,2,9,3,3,-4,1,5
610124901962,16,4,2,-3,6,0,5,9
610124901962,12,7,9,-6,8,-4,9,12
610124902747,-1,7,9,-2,6,-6,1,3
610124902747,-20,8,11,11,1,5,10,-2
610124917808,-43,-16,-20,15,-24,13,-16,-29
610124917808,-36,-37,-42,-12,-40,-16,-28,-43
610124923790,-39,-30,-42,-7,-32,-6,-30,-34
610124923790,-13,-50,-59,-61,-43,-46,-50,-32
610124939489,25,-3,-1,-67,4,-60,-8,9
610124939489,32,26,47,3,17,-15,16,18
610124940236,24,16,17,12,8,-14,17,12
610124940236,15,24,24,39,25,31,24,22
610124962068,-9,6,3,13,8,9,12,-3
610124962068,-3,-5,-10,-4,-1,1,0,-2
610124962872,3,3,5,-12,1,-1,5,2
610124962872,-8,2,9,7,0,-6,3,-4
610124977836,1,2,1,11,-2,7,2,2
610124977836,6,2,2,-10,2,-8,3,3
610124983802,23,-5,-3,-14,-6,-16,-12,10
610124983802,27,-15,-19,-16,-2,-15,-16,3
610124999695,16,11,5,-11,14,-3,3,15
610124999695,37,54,62,38,43,22,39,33
610125000313,37,57,70,34,46,31,34,39
610125000313,49,29,33,7,25,-4,19,28
610125021988,34,-3,-3,-2,-7,-5,-3,-4
610125021988,-13,-23,-28,-24,-20,-14,-13,-16
610125022763,-12,-11,-15,-5,-9,-5,-9,-8
610125022763,-11,11,15,13,6,7,10,8
610125036384,11,6,7,8,3,1,2,5
610125036384,25,-12,-22,-26,-2,-9,-10,3
610125043943,-6,-3,-1,-30,-5,-23,-12,0
610125043943,12,46,59,42,46,29,30,33
610125059130,-16,41,50,66,12,61,39,27
610125059130,-57,-17,-40,9,-17,40,5,-18
610125066532,-33,-45,-51,-42,-32,2,-18,-24
610125066532,-27,-39,-41,-58,-22,-16,-19,-21
610125090318,-17,-25,-28,-50,-25,-45,-15,-24
610125090318,-10,-33,-36,-49,-20,2,-31,-12
610125091003,8,-3,2,-28,-2,-22,-6,-7
610125091003,-13,-26,-25,-55,-27,-47,-9,-12
610125096373,10,-3,-7,-7,3,-7,-7,0
610125096373,9,8,15,-2,0,-24,-8,3
610125103947,-4,-1,-2,1,-2,-13,-4,-6
610125103947,-2,6,5,27,-1,10,-2,-3
610125118943,-4,14,15,15,11,-9,4,11
610125118943,0,7,9,15,3,10,7,2
610125126436,7,10,7,28,9,18,4,9
610125126436,-4,11,10,14,6,4,5,7
610125141957,-11,3,0,0,8,8,5,6
610125141957,-42,-18,-14,13,-16,12,-12,-26
610125142703,-51,-45,-52,-51,-39,-37,-33,-38
610125142703,6,-24,-29,-55,-17,-32,-47,-22
610125156289,9,-10,-5,-58,-11,-59,-35,-3
610125156289,21,17,30,18,19,-26,22,10
610125163790,5,24,19,24,22,34,25,20
610125163790,-17,8,-2,21,9,41,20,4
610125178808,-16,0,-11,15,8,44,12,2
610125178808,7,7,-1,-16,7,14,13,13
610125186293,-3,12,8,28,14,41,17,11
610125186293,-9,-5,-7,-3,-6,6,1,-8
610125201969,-1,-7,-9,0,0,14,1,-3
610125201969,-3,-13,-15,2,-16,3,-5,-12
610125202785,23,-11,-10,-8,-14,-9,-6,-3
610125202785,1,-4,-2,5,-9,3,-2,-2
610125216323,-7,0,3,18,0,10,8,-2
610125216323,24,-2,-1,-3,0,-11,-4,4
610125223836,4,-20,-24,-22,-14,-12,-22,-15
610125223836,-4,-14,-35,-18,-44,-89,-23,-10
610125238863,-9,-16,-24,26,-21,50,11,-6
610125238863,-30,-45,-46,-48,-15,0,-20,-42
610125246357,8,1,4,-10,-8,-11,-7,-1
610125246357,-14,-11,-9,9,-6,22,4,-10
610125261944,-7,-7,-8,-5,-8,-9,-4,-11
610125261944,-21,4,8,11,-11,-4,-1,-2
610125262753,-37,-11,5,29,6,22,-1,-12
610125262753,2,-11,-28,-7,-2,16,-3,-4
610125277828,10,7,27,-20,13,-40,-9,4
610125277828,11,13,4,2,11,29,16,15
610125284057,12,19,13,1,11,-30,9,14
610125284057,2,9,17,19,11,20,12,7
610125299066,-12,-11,-16,-4,-8,11,-1,-10
610125299066,-5,-6,-9,-5,-11,-22,-9,-5
610125306395,24,5,-7,-16,2,-12,-3,8
610125306395,-17,-7,0,30,4,36,1,-7
610125322039,5,-27,-33,-35,-7,-1,-7,-18
610125322039,-5,16,30,28,9,-33,4,6
610125322758,-10,-12,-19,-6,-7,10,1,-7
610125322758,-1,-10,-8,-21,-7,-11,-10,-10
610125336380,-4,5,1,2,-2,-16,-6,3
610125336380,-15,1,8,5,2,8,5,-1
610125343912,22,-28,-40,-46,-34,-48,-38,-16
610125343912,-6,28,38,54,27,36,33,15
610125375318,-24,-23,-31,-17,-24,0,-10,-21
610125375318,22,3,-4,-14,3,-15,-3,10
610125376863,-4,16,24,24,15,12,16,10
610125376863,21,43,46,31,38,12,36,40
610125396423,-41,-47,-50,-40,-30,1,-14,-30
610125396423,6,-7,-9,-16,-10,-25,-18,-4
610125405483,-7,-1,0,-3,-1,-5,-1,-3
610125405483,3,-14,-14,-16,-14,-11,-12,-8
610125427852,-12,-36,-34,-36,-36,-40,-29,-32
610125427852,29,15,15,-6,10,-39,5,21
610125429325,-23,-6,-4,1,-5,7,3,-11
610125429325,-3,-13,-15,-24,-14,-25,-16,-11
610125449765,40,51,40,16,43,2,29,51
610125449765,-40,-17,-25,-4,-13,43,-1,-25
610125457831,6,-2,3,1,-8,-28,-8,-1
610125457831,-9,-13,-13,-16,-10,-7,-9,-10
610125480386,-7,6,8,13,1,-3,-4,0
610125480386,-40,-24,-15,4,-20,4,-16,-21
610125481846,27,9,-3,-42,2,-45,-11,15
610125481846,-19,-5,-10,3,-2,25,4,-8
610125502700,-2,5,4,6,2,2,2,2
610125502700,15,8,3,-6,7,1,6,12
610125504272,19,-10,-5,9,-5,16,0,6
610125504272,-7,40,52,46,36,33,41,23
610125524577,5,-22,-24,-40,-25,-30,-25,-15
610125524577,7,7,9,11,7,8,6,7
610125531317,-27,2,6,7,2,5,6,-5
610125531317,-36,-33,-43,-29,-36,-26,-31,-37
610125555164,14,-8,-20,-22,-12,-32,-24,3
610125555164,-8,-1,0,-2,3,6,8,1
610125556771,-12,-7,-7,-9,-4,6,-2,-7
610125556771,9,-9,-11,-17,-9,-19,-11,0
610125578353,28,45,47,34,31,12,31,39
610125578353,-25,-1,0,25,8,29,2,-7
610125580799,-34,-18,-25,-27,-7,21,-1,-21
610125580799,1,-21,-16,-29,-21,-42,-19,-17
610125598805,-17,-1,6,19,1,4,2,-9
610125598805,12,-7,-13,-28,-12,-24,-11,-2
610125607808,-23,12,19,26,10,10,11,-1
610125607808,-46,-35,-33,-12,-30,2,-27,-39
610125630149,15,-20,-36,-48,-23,-41,-26,-10
610125630149,24,29,31,37,20,19,9,26
610125631789,-6,-8,-7,1,-6,3,0,-9
610125631789,12,-4,-8,-21,-8,-17,-12,1
610125652076,-13,3,10,21,3,16,5,-2
610125652076,-2,37,43,48,37,25,33,17
610125660338,-18,36,58,68,42,52,40,16
610125660338,-28,-17,-42,-26,-11,-7,-10,-15
610125682682,-10,5,15,23,8,0,6,-2
610125682682,-8,-16,-18,-18,-15,-12,-12,-13
610125684269,11,1,-1,-1,-2,-6,-2,3
610125684269,-19,-1,9,25,7,12,6,-6
610125689424,15,-13,-12,-37,-9,-10,-15,-7
610125689424,-1,-5,-8,-2,-3,18,2,-2
610125690239,13,1,-5,-10,-2,-10,2,6
610125690239,16,6,9,-7,3,0,2,9
610125697689,-30,-8,-5,17,-5,12,-2,-15
610125697689,15,-19,-22,-31,-18,-25,-17,-11
610125699288,-11,15,26,22,15,-7,16,-7
610125699288,12,48,59,51,50,14,44,29
610125704515,-37,15,16,47,13,36,21,-1
610125704515,-6,-4,0,-9,-6,-18,-12,-6
610125705297,-9,-13,-18,-10,-13,-2,-14,-10
610125705297,5,-9,-8,-12,-11,-12,-13,-7
610125712854,2,8,9,10,9,14,9,4
610125712854,-19,1,-2,-5,0,-3,2,-4
610125713544,41,30,22,5,18,-49,13,32
610125713544,22,35,36,43,28,22,16,30
610125719569,-6,-9,-11,-5,-5,12,-1,-4
610125719569,-13,-19,-19,-18,-19,-19,-19,-17
610125720329,-1,-9,-6,3,-9,3,-12,-10
610125720329,-28,-42,-24,-14,-30,5,-9,-27
610125727175,-10,-11,-16,-41,-15,-47,-4,-12
610125727175,-8,-10,-6,-3,-9,-38,-12,-12
610125727837,-6,-7,-5,-1,-6,-36,-7,-4
610125727837,9,-8,-10,-22,-10,-16,-13,-4
610125742143,-8,5,12,20,6,8,4,-1
610125742143,4,0,8,7,2,-34,-4,0
610125742846,-26,-47,-37,-55,-55,-25,-42,-31
610125742846,-3,-1,-2,-6,-2,-10,-5,-10
610125756378,7,5,18,23,2,-25,-1,4
610125756378,-16,-44,-32,-51,-46,-4,-41,-26
610125763848,-23,29,-17,54,22,72,13,15
610125763848,57,27,64,33,16,23,25,46
610125778958,45,20,48,27,25,17,43,56
610125778958,39,50,49,54,53,-36,-4,45
610125786604,-4,-4,7,2,4,-6,0,0
610125786604,7,55,43,44,55,-10,44,29
610125802135,-14,16,-5,11,8,34,16,-10
610125802135,-42,17,-27,15,26,21,24,-14
610125802804,3,59,66,57,62,39,56,31
610125802804,40,-21,41,47,5,-59,-2,3
610125817837,-36,13,-4,17,15,3,-11,-21
610125817837,-15,-46,1,-36,-36,-45,-29,-26
610125824055,-22,39,-29,46,20,5,9,-8
610125824055,-2,-12,-28,-25,-11,6,-10,-10
610125838824,-1,-59,-5,-51,-56,-66,-49,-23
610125838824,-6,-8,-13,-13,-13,14,-2,-10
610125846408,-14,7,-36,-27,1,62,-1,-15
610125846408,5,10,-3,-6,4,20,2,4
610125862183,-59,-41,-73,-41,-47,-9,-53,-56
610125862183,-39,-29,-51,-54,-54,32,-39,-27
610125862886,41,-30,34,-28,-24,-14,-9,16
610125862886,-1,-31,18,-48,-42,-23,-20,-6
610125877913,-21,-19,-28,-20,-22,-51,-25,-23
610125877913,11,5,16,11,8,3,17,7
610125883840,-51,-39,-54,-55,-37,10,-42,-46
610125883840,-13,-20,-32,-29,-18,12,-24,-20
610125899009,49,51,60,66,60,1,53,51
610125899009,-40,3,-29,2,-1,-2,-3,-26
610125906430,-16,0,-34,-29,-4,52,-4,-13
610125906430,8,54,-8,46,59,67,41,26
610125923480,-20,-69,-50,-75,-67,-14,-62,-52
610125923480,-41,-27,-64,-49,-6,-2,-29,-41
610125924271,5,-20,-2,-14,-5,-17,-13,-6
610125924271,36,19,32,42,16,-53,22,25
610125937808,-47,-37,-40,-37,23,-3,-40,-15
610125937808,37,28,42,36,30,-12,35,38
610125943821,-18,13,9,26,13,-13,12,-9
610125943821,-6,54,28,43,51,62,51,8
610125958820,15,24,23,24,33,-8,20,13
610125958820,-52,-37,-58,-56,-22,-27,-35,-44
610125966297,14,53,59,60,64,31,60,36
610125966297,-3,27,-9,21,18,4,14,6
610125981326,-23,21,-9,22,7,30,11,-11
610125981326,-29,33,-11,62,51,63,22,-6
610125988817,-2,14,-22,3,22,29,12,-1
610125988817,-58,-47,-73,-72,-39,10,-49,-50
610126004536,-20,-43,-38,-53,-55,-14,-40,-32
610126004536,26,-15,19,-28,-37,-21,-8,6
610126005267,46,22,56,54,21,-48,21,36
610126005267,-36,-29,-51,-32,-19,-4,-31,-24
610126018877,-31,6,-46,-30,14,49,6,-17
610126018877,-3,-13,-25,-13,-14,13,-12,-13
610126026355,20,-19,35,-27,-41,-54,-18,5
610126026355,-13,-1,10,-8,-4,-21,0,-1
610126041351,-9,39,-3,73,61,51,35,8
610126041351,-10,13,-3,9,12,35,15,4
610126048828,-8,-71,-56,-73,-67,-47,-70,-40
610126048828,-44,-66,-67,-62,-34,-20,-53,-59
610126057797,21,-6,10,-5,-15,-4,-4,4
610126057797,-6,-49,-50,-47,-48,-11,-49,-30
610126063913,-36,-57,-64,-46,-46,-6,-57,-47
610126063913,39,24,48,26,6,27,22,38
610126079047,49,44,50,47,30,-6,38,48
610126079047,6,-11,16,-25,-34,-48,-6,2
610126086383,43,61,47,57,57,36,60,55
610126086383,13,34,19,36,34,16,23,19
610126101619,-46,-14,-34,-11,-15,7,-21,-35
610126101619,-27,-3,-37,23,19,38,2,-9
610126108935,-7,-11,-24,-10,-4,-1,-13,-16
610126108935,18,-37,-11,-69,-66,-68,-22,-2
610126124696,-1,1,16,3,-10,-1,3,0
610126124696,-6,46,16,63,46,55,21,9
610126125347,-8,7,-12,3,9,32,1,-3
610126125347,-35,-57,-67,-57,-54,-38,-63,-35
610126138950,-46,-60,-63,-80,-59,-49,-57,-49
610126138950,28,-12,0,-14,-13,-8,-1,19
610126146588,8,33,44,48,15,-37,35,18
610126146588,-1,1,7,7,-17,-32,-10,-8
610126161507,42,40,70,55,23,10,41,49
610126161507,45,46,69,65,31,-25,34,39
610126168929,-15,-37,-33,-45,-48,-30,-35,-23
610126168929,9,-7,-7,-12,-8,0,-5,-2
610126184649,-23,-69,-69,-70,-74,-58,-68,-56
610126184649,-39,-54,-47,-64,-58,4,-52,-54
610126185308,14,39,35,34,38,44,34,25
610126185308,-14,-1,-9,-101,9,28,-3,-4
610126199067,-49,-49,-71,-77,-45,-15,-54,-56
610126199067,-35,-12,-45,-22,-2,-15,-31,-35
610126206530,13,15,-5,-2,13,37,4,3
610126206530,-48,-39,-48,-1,-28,5,-40,-48
610126221337,-10,30,48,46,47,47,20,3
610126221337,26,4,-10,-5,10,26,5,28
610126228865,-22,-62,-69,-58,-53,-55,-63,-46
610126228865,-35,-14,-20,32,3,46,-17,-27
610126244497,4,12,0,-16,13,31,6,4
610126244497,-11,-36,-40,-31,-24,-27,-38,-42
610126245316,-41,-33,-58,-55,-45,-37,-54,-52
610126245316,38,-16,-19,-24,-17,-29,-11,6
610126258885,-31,-56,-30,-57,-42,-67,-44,-36
610126258885,-14,54,53,49,86,84,45,3
610126266361,-70,-66,-63,-69,-42,-31,-59,-63
610126266361,24,18,17,0,24,-13,25,31
610126281274,-24,-55,-65,-56,-33,-49,-57,-46
610126281274,31,37,48,20,37,10,46,43
610126288911,25,52,54,63,61,29,48,35
610126288911,-26,36,32,50,27,22,21,-5
610126304476,65,65,70,52,55,39,68,72
610126304476,-18,-88,-83,-96,-94,-74,-69,-44
610126305265,-11,6,-11,49,36,66,-2,-2
610126305265,16,23,23,31,33,7,15,25
610126318827,-17,9,1,16,9,4,5,1
610126318827,-23,32,29,67,54,44,12,-9
610126326308,10,8,5,-3,22,32,14,9
610126326308,-65,-53,-70,-59,-28,-19,-54,-67
610126341354,-45,-27,-63,-22,-8,18,-28,-41
610126341354,-11,-12,-12,-16,-8,0,-11,-9
610126348818,-21,-64,-59,-59,-58,-39,-59,-44
610126348818,-23,-58,-58,-59,-60,-43,-52,-40
610126364502,50,1,10,-18,-26,-16,5,23
610126364502,10,21,25,25,25,21,22,18
610126365280,-7,-29,-24,-38,-18,-7,-27,-21
610126365280,8,-7,-9,2,-5,-2,-13,-7
610126378950,5,-31,-15,-62,-64,-54,-26,-7
610126378950,-12,-20,-13,-21,-42,-56,-20,-10
610126386347,43,76,83,70,51,17,75,69
610126386347,23,58,59,64,59,-11,45,30
610126401332,-34,4,4,17,3,2,-5,-24
610126401332,16,52,54,39,40,34,50,37
610126409528,9,35,31,54,58,53,27,17
610126409528,-39,-36,-44,-25,-24,-14,-32,-34
610126424601,-7,59,53,70,70,46,56,22
610126424601,4,30,27,34,39,12,30,10
610126425340,-35,-26,-39,-19,-9,-19,-13,-28
610126425340,-9,63,61,67,66,76,45,15
610126439076,17,43,39,57,42,38,32,29
610126439076,-10,-34,-31,-39,-44,-34,-33,-13
610126446374,46,41,57,12,-11,-11,39,54
610126446374,18,-32,-18,-57,-64,-62,-29,3
610126461581,-15,20,6,49,49,51,19,-7
610126461581,26,39,37,39,23,17,31,36
610126469627,-8,-3,5,-14,-22,-25,-9,-4
610126469627,46,28,16,35,34,48,33,45
610126484568,-30,-56,-51,-54,-64,-54,-51,-36
610126484568,-52,-57,-78,-74,-20,-5,-43,-54
610126485378,1,48,44,58,64,60,44,17
610126485378,-33,23,19,28,26,14,13,-12
610126498915,49,32,42,36,23,28,38,38
610126498915,-46,-23,-30,-3,-1,6,-28,-47
610126506369,40,35,49,40,-5,-21,32,39
610126506369,-42,-58,-57,-48,-51,-41,-52,-52
610126521582,11,47,46,47,44,35,44,24
610126521582,10,-53,-50,-64,-60,-63,-43,-10
610126529699,-45,-48,-55,-40,2,22,-29,-46
610126529699,1,16,5,12,24,37,16,15
610126544712,-19,-18,-21,-21,-37,-32,-24,-22
610126544712,46,68,77,82,43,35,66,50
610126545316,-8,-51,-51,-46,-46,-35,-53,-29
610126545316,-21,-1,-13,31,45,50,6,-14
610126558971,4,12,6,7,29,10,13,12
610126558971,-30,20,10,22,23,7,8,-14
610126566399,15,70,68,72,62,42,67,45
610126566399,28,59,64,51,48,16,62,41
610126581366,-36,-6,-18,15,12,3,-13,-24
610126581366,6,65,68,69,62,54,61,35
610126588848,25,48,42,43,39,12,43,38
610126588848,4,27,30,23,6,-4,23,17
610126604521,48,57,58,57,52,53,57,62
610126604521,35,23,41,33,-24,-6,21,28
610126605313,-24,-44,-48,-45,-37,-10,-37,-33
610126605313,31,47,49,48,38,-22,39,51
610126618792,28,-64,-64,-66,-31,-15,-64,-24
610126618792,4,-63,-67,-70,-51,-58,-67,-52
610126626332,2,55,56,59,47,33,53,12
610126626332,16,54,59,58,46,70,52,36
610126641345,-1,9,14,-9,-14,-75,41,13
610126641345,-27,-19,-21,-26,9,12,-18,-15
610126649548,47,11,-9,-7,18,31,4,14
610126649548,-74,-66,-95,-73,-44,-63,-70,-70
610126664468,-40,5,-5,18,-19,44,-9,-20
610126664468,1,9,-8,25,19,49,15,13
610126665262,-61,-23,-31,12,5,3,-23,-43
610126665262,-23,-37,-45,-45,-53,-54,-28,-32
610126678822,-4,13,-1,30,33,41,7,3
610126678822,-43,3,4,0,0,-16,-8,-24
610126686329,-33,31,31,41,48,59,9,4
610126686329,34,57,57,73,52,44,47,36
610126702835,-58,-33,-59,-27,-20,-33,-40,-50
610126702835,-49,-47,-53,-48,-43,-14,-37,-51
610126709596,19,-21,-24,-22,-14,-39,-5,14
610126709596,32,-55,-43,-79,-77,-60,-29,-3
610126724594,-3,-15,2,-32,-27,-42,-15,-6
610126724594,5,22,15,22,21,-8,20,17
610126725376,36,49,47,50,23,16,49,39
610126725376,5,28,26,38,29,39,20,7
610126738827,-38,-6,-7,4,-7,7,-22,-28
610126738827,26,73,69,71,56,64,51,25
610126746322,6,31,24,32,48,37,22,9
610126746322,-25,-53,-53,-48,-46,-7,-40,-40
610126761534,-28,23,3,37,39,33,-2,-17
610126761534,18,48,45,44,50,45,37,31
610126769683,-55,-30,-36,-51,-65,-24,-32,-32
610126769683,48,45,65,49,69,46,52,42
610126784693,-49,-64,-59,-57,-63,-53,-30,-46
610126784693,-39,-39,-49,-51,-26,-20,-43,-45
610126785415,27,34,26,35,34,13,31,28
610126785415,-23,-27,-29,-26,-29,-30,-41,-35
610126799052,72,59,67,44,46,35,52,46
610126799052,2,8,9,6,16,-13,14,1
610126806397,-7,-18,-14,-20,3,7,-36,-20
610126806397,24,7,18,-33,22,-44,15,38
610126821540,-1,-6,-3,-9,0,-40,-12,-2
610126821540,-47,-50,-54,-49,-88,-102,-68,-20
610126829697,16,17,-21,-25,12,36,-86,-56
610126829697,20,34,31,42,22,-17,6,2
610126844049,-55,43,-65,-25,62,69,15,13
610126844049,59,127,100,116,102,62,127,-62
610126852234,32,-9,60,81,-92,-82,-23,44
610126852234,-55,-113,-109,-105,-128,-36,48,21
610126858925,96,97,101,72,52,7,29,36
610126858925,-73,0,31,-2,-71,-69,8,30
610126866538,31,50,52,40,61,66,38,34
610126866538,29,38,18,35,43,3,75,-39
610126881584,-64,-3,44,-32,-128,94,97,-91
610126881584,-24,-66,-60,-75,-7,23,39,-58
610126889726,-7,-27,-30,15,-58,20,4,-70
610126889726,61,110,37,-40,9,37,-107,-70
610126904769,-128,-128,-128,-2,36,-96,-83,-100
610126904769,83,36,41,29,-68,70,-34,-80
610126905342,-53,-39,-5,-59,8,-33,22,-57
610126905342,-72,51,-20,127,55,115,-60,4
610126919117,-10,-39,-44,-16,41,-36,-18,-45
610126919117,13,19,-86,-20,37,46,-112,4
610126926459,69,50,75,83,41,81,79,74
610126926459,-25,-17,-6,29,-32,-37,-45,-60
610126941396,4,30,-47,18,-79,-78,-110,-93
610126941396,-32,21,-14,127,87,27,-107,-95
610126949545,32,16,26,-37,38,103,-109,-29
610126949545,-116,-45,-110,-92,-82,76,-128,-101
610126963922,-14,34,-72,51,48,21,11,52
610126963922,62,-100,43,52,-22,-65,-58,87
610126972025,-88,10,-5,87,93,-128,-103,-120
610126972025,-39,-21,36,51,87,-65,-10,-128
610126978921,9,-15,-25,-34,30,87,-59,-21
610126978921,-59,5,77,-31,-13,-35,107,37
610126986357,-13,-33,53,-84,-6,-56,119,127
610126986357,72,-44,34,126,-85,-65,83,115
610127009541,40,78,47,-25,100,-57,98,-41
610127009541,77,72,73,114,39,-29,32,50
610127010324,66,-48,62,37,-98,73,-47,-79
610127010324,-8,-22,57,98,24,-115,-98,-58
610127032682,-39,-61,-24,74,-128,115,-128,-25
610127032682,-22,77,-128,-2,34,-67,-109,104
610127033482,-102,-26,-128,116,5,104,-124,0
610127033482,52,-78,82,-35,-34,126,98,92
610127046756,38,-128,126,127,42,-18,34,94
610127046756,57,16,-27,58,99,-59,3,-59
610127054569,-117,-26,-110,116,74,48,-83,-84
610127054569,-97,-27,-99,127,127,51,-128,-47
610127061354,-15,77,-71,100,125,127,-111,23
610127061354,-16,-58,-70,-26,23,113,-19,-105
610127077089,123,70,67,-93,39,-47,-37,1
610127077089,122,102,8,-118,-91,-74,19,10
610127083851,68,19,75,-117,-128,-109,118,-98
610127083851,-14,-32,-64,31,-123,-76,-128,-52
610127092070,-73,-17,-13,-56,-46,-128,127,-128
610127092070,-128,-126,48,-105,55,90,-110,55
610127115234,-123,35,-34,69,82,-28,-128,113
610127115234,-125,-51,49,-128,119,127,76,48
610127115966,44,51,-49,-103,78,110,-59,127
610127115966,93,-32,-128,31,74,104,27,127
610127121354,61,-22,-82,-128,127,127,50,123
610127121354,-20,9,127,-120,107,127,123,-2
610127128839,-60,-126,-71,-2,99,5,-102,-55
610127128839,-79,-46,52,43,127,-79,-104,-128
610127143884,-4,-73,111,48,110,-128,-128,-128
610127143884,17,29,23,0,-35,-128,-75,-33
610127152079,66,127,-2,-128,-98,-79,35,70
610127152079,92,127,-75,-128,-104,6,106,127
610127167039,-67,-128,-93,-13,-128,22,81,80
610127167039,-125,-109,42,82,-128,57,55,-56
610127167784,22,-128,-128,-2,111,120,70,21
610127167784,2,-68,-49,86,123,126,89,-102
610127181383,-107,29,42,75,60,29,52,-128
610127181383,127,-59,59,35,-77,-30,28,-42
610127188900,-128,86,-44,27,-128,-125,112,2
610127188900,-128,81,23,-101,-71,-128,-82,13
610127212741,-92,78,51,-110,100,57,46,-84
610127212741,-128,-43,-78,-100,127,-125,-128,13
610127213529,75,-128,127,-88,106,-50,107,38
610127213529,116,-110,7,-128,41,-41,26,127
610127227087,52,-128,-98,-84,1,-71,-76,115
610127227087,41,-87,-2,22,63,67,111,27
610127227837,58,71,11,37,7,31,-22,117
610127227837,84,72,60,92,-62,19,-35,69
610127241345,127,127,64,79,-128,51,-107,-67
610127241345,43,110,-88,83,-114,68,-128,-98
610127249573,-127,123,-100,112,-37,3,-128,-128
610127249573,-128,127,-42,123,12,1,-58,-128
610127263969,-128,37,-113,62,8,-42,-59,-126
610127263969,-67,-31,91,90,14,-23,126,-71
610127272078,-19,-128,127,127,-18,39,101,-82
610127272078,23,18,-89,115,-27,104,64,9
610127287089,68,70,-32,54,-69,60,-2,97
610127287089,46,127,-84,104,-26,45,-91,84
610127287902,-7,69,69,122,-48,-59,-128,11
610127287902,-64,-93,103,127,9,-101,-100,-84
610127302899,-26,-112,-14,57,6,-65,-44,-5
610127302899,-20,-113,-75,-110,-15,-2,31,31
610127309525,-9,-68,-128,-115,-15,30,77,0
610127309525,24,111,-83,-128,-4,102,127,3
610127323926,37,127,-14,-68,2,13,127,7
610127323926,10,127,-46,30,49,4,103,24
610127332039,5,126,-17,-13,50,7,103,-9
610127332039,1,58,46,-98,59,-8,127,-27
610127347043,27,8,58,-100,19,-39,100,36
610127347043,33,-24,17,-128,9,-25,116,65
610127347800,36,13,-5,-128,3,4,105,57
610127347800,-5,-26,0,-32,-4,-19,127,11
610127361364,-12,-31,38,78,-15,-24,18,-18
610127361364,-16,-59,-35,81,-14,6,-113,-26
610127369529,-25,-95,32,127,-15,-14,-128,-44
610127369529,-32,-52,3,95,-25,-8,-117,-35
610127383855,-15,-31,86,31,-27,-4,-7,-11
610127383855,-10,-43,-39,1,-20,-2,-106,-2
610127392069,-14,-44,1,-3,-23,-7,-95,-2
610127392069,-16,-41,50,-15,-9,-23,-86,-26
610127407014,0,-52,40,8,11,-10,-122,-6
610127407014,2,-25,61,70,5,-4,-98,5
610127407800,10,-3,-41,79,4,2,-78,4
610127407800,18,7,-4,8,3,15,17,6
610127422896,15,9,-42,117,6,0,-64,12
610127422896,6,34,-11,2,8,8,74,13
610127429551,-6,-34,13,-55,12,-7,-97,3
610127429551,-7,-49,16,7,10,-3,-128,-8
610127443864,-6,-17,-10,-124,0,0,-37,-2
610127443864,-3,-11,45,-85,1,0,26,-5
610127452088,6,16,44,-53,0,-1,74,2
610127452088,3,8,6,-63,-5,-5,46,-1
610127467051,-2,-8,24,-38,7,3,52,3
610127467051,-1,4,-2,-16,7,4,76,4
610127467922,1,14,-14,-4,0,11,99,4
610127467922,-2,2,-2,14,-6,-3,75,2
610127481341,1,-4,-44,-13,-4,-2,54,1
610127481341,2,4,-6,-13,-7,-1,-34,1
610127489627,-2,13,-15,14,4,4,6,-12
610127489627,-1,6,-51,33,-1,4,-1,-12
610127496380,0,-5,4,18,-1,2,-38,-3
610127496380,1,-18,13,53,-2,-9,-92,-6
610127520312,2,-23,-25,67,-1,-5,-90,-5
610127520312,6,-9,-40,39,0,-1,-44,2
610127521900,6,16,61,0,-3,0,-2,4
610127521900,2,20,-5,-41,-1,-4,-8,4
610127526378,-2,19,-44,-13,-3,0,11,-1
610127526378,-4,17,-6,19,-4,-2,-10,-7
610127541397,-4,18,-30,-13,0,-2,7,-3
610127541397,-2,22,-8,14,-5,-3,-17,0
610127549336,-9,4,19,13,-3,0,-28,-3
610127549336,-9,12,-37,-31,0,2,24,-3
610127557893,-4,-4,16,68,1,-5,-28,0
610127557893,-1,-2,-27,30,-5,2,-9,3
610127572065,-1,-4,-25,5,-3,-3,25,3
610127572065,-4,1,-31,-52,3,5,6,-1
610127578929,0,-8,-65,1,-2,-5,-39,-7
610127578929,0,13,-7,-5,0,5,25,-2
610127586385,-1,-11,20,-31,0,4,62,0
610127586385,10,-6,40,29,1,2,81,11
610127610230,4,1,58,-86,0,2,127,7
610127610230,1,10,27,-99,6,1,127,10
610127611016,2,10,9,-122,5,-2,101,0
610127611016,1,7,45,-77,8,-4,107,-2
610127632729,5,1,-21,-16,10,-2,76,0
610127632729,2,-6,15,55,9,1,-55,-3
610127633516,-4,-18,-81,114,-3,-3,-118,-2
610127633516,-5,-20,-41,121,-8,-4,-128,-4
610127638871,-7,-1,-24,99,-9,-1,-113,-6
610127638871,-7,-4,3,79,-12,-2,-128,-7
610127646384,-6,18,30,16,-15,-5,-81,-5
610127646384,-9,5,15,-17,-9,-2,-103,-8
610127661378,-7,10,3,-44,-10,2,-9,-12
610127661378,-4,14,-23,-43,-2,-1,5,-4
610127669557,-2,0,1,-28,-8,2,-22,-4
610127669557,-1,4,11,-8,-2,-4,9,-2
610127683926,0,5,12,-33,-6,0,18,5
610127683926,1,-6,-22,-11,1,-3,4,1
610127692084,1,4,2,-19,2,1,18,-1
610127692084,-2,14,19,-7,1,-1,47,-3
610127698918,3,-7,-11,-16,-1,-3,16,1
610127698918,1,-6,-16,-21,-1,3,36,1
610127706380,3,7,22,-4,2,-3,30,4
610127706380,2,-7,14,12,5,0,-4,3
610127730252,7,-14,-3,5,-2,-3,-30,5
610127730252,3,-17,-2,6,-2,0,-8,1
610127731025,3,-4,4,5,6,0,13,2
610127731025,-3,-9,-5,16,-2,-5,-4,-1
610127743899,-6,2,-6,-5,-1,3,18,0
610127743899,-1,3,6,8,-2,0,15,-5
610127752078,-6,13,11,0,-1,4,44,-6
610127752078,-1,3,-6,-8,0,1,17,-5
610127758954,2,12,1,-6,3,1,29,-1
610127758954,6,3,-1,2,-3,-1,8,1
610127766395,-4,-50,-8,-28,-6,-6,-32,-2
610127766395,-1,-16,-4,-51,-8,-12,-63,1
610127781392,0,40,-12,57,4,0,69,-2
610127781392,-5,8,-19,-7,-1,1,3,5
610127789588,0,-6,-16,32,-2,1,-12,-1
610127789588,1,-5,6,28,-5,2,-12,-3
610127803967,-2,-22,-5,8,0,-2,-85,-3
610127803967,-2,-24,-1,17,-3,0,-53,-4
610127812072,2,2,-2,16,-3,-2,-29,2
610127812072,0,-10,-7,3,5,-1,-27,-3
610127818918,-4,-15,12,17,-3,2,-52,-1
610127818918,-2,-26,-25,27,-1,-3,-66,1
610127826376,-1,-13,68,0,1,3,-44,1
610127826376,2,-16,52,-20,1,4,-43,0
610127841426,2,-31,3,-49,0,1,-55,-1
610127841426,-1,3,11,-42,-3,-2,-15,0
610127849587,0,-24,-3,-17,-6,-5,-46,-3
610127849587,1,-17,6,-34,-14,0,-22,0
610127863962,1,16,15,-59,-2,-4,34,0
610127863962,3,2,2,-31,-3,1,4,2
610127872052,0,37,-11,-66,1,0,72,5
610127872052,4,51,-1,-35,-1,6,102,7
610127878951,-1,39,-17,-61,-1,-3,76,5
610127878951,-1,10,-12,-26,-3,-3,38,3
610127886429,-4,5,12,6,-2,0,-16,-2
610127886429,0,-25,10,47,-1,-5,-58,-5
610127901373,-4,-88,-12,78,-5,-7,-119,-5
610127901373,-6,-66,24,37,6,-8,-76,-5
610127909589,-4,-68,-6,80,-2,0,-82,-7
610127909589,-9,-89,-11,48,-5,-8,-101,-3
610127923958,-5,-83,6,37,-4,-1,-83,-4
610127923958,-3,-71,-6,38,-3,0,-78,-6
610127940191,-4,-79,-41,26,1,-3,-123,1
610127940191,3,-28,14,12,-1,-3,-63,1
610127941791,4,42,22,-20,-1,4,-31,0
610127941791,4,76,27,-27,1,3,-8,3
610127954613,1,127,35,-65,6,5,17,4
610127954613,4,127,-4,-55,8,9,26,7
610127961416,-2,102,44,-68,-6,5,47,4
610127961416,1,109,-3,-86,2,1,110,-5
610127969569,2,74,-18,-62,2,-1,127,0
610127969569,-1,44,16,-14,-4,-3,112,-3
610127983957,1,5,-33,-29,3,-3,97,0
610127983957,-5,-20,10,36,1,-3,20,-1
610127992097,-3,-24,15,38,-3,-1,72,-6
610127992097,-2,-59,-36,49,1,1,63,-1
610127998965,-1,-72,1,50,0,0,-24,-2
610127998965,-6,-46,-2,20,0,2,-42,-5
610128014624,0,-29,-18,50,2,0,-116,-3
610128014624,-5,-46,-4,37,-9,0,-99,-7
610128021410,-9,-30,22,3,-11,-4,-69,0
610128021410,-6,-19,0,3,-2,-1,12,-1
610128029607,-5,-28,9,14,-3,3,17,0
610128029607,-7,-4,-5,-14,1,1,11,-1
610128043941,-1,14,-17,15,1,1,10,-1
610128043941,-1,-1,4,4,-4,0,18,0
610128052076,4,14,11,-18,-9,-6,-12,-3
610128052076,2,35,0,-7,5,2,18,-3
610128058921,4,32,4,-26,-2,-2,64,4
610128058921,-3,6,-7,-4,7,-2,63,3
610128074569,0,50,28,-13,14,3,127,-2
610128074569,-3,12,1,-32,-10,-5,97,-1
610128081376,-4,13,9,-29,-14,-4,89,-3
610128081376,1,17,7,-7,3,3,117,1
610128089581,-3,14,0,-25,3,-7,117,-3
610128089581,0,20,-19,-20,3,-2,89,1
610128103866,1,9,-20,6,3,-1,68,-6
610128103866,-4,-11,-16,21,-2,1,-15,-3
610128112096,-1,-20,6,7,0,0,-9,-2
610128112096,3,-14,4,-38,2,-2,-65,3
610128118921,-2,-35,-7,-23,-5,-4,-62,-2
610128118921,-1,-41,-30,-16,-1,-6,-128,-6
610128134597,-3,-66,-3,21,-1,1,-128,-2
610128134597,-7,-36,-5,36,4,3,-75,-3
610128141367,-1,-2,-3,39,3,1,-89,-1
610128141367,7,11,0,15,-6,2,-24,2
610128149608,2,2,-18,0,-5,-5,-84,3
610128149608,-2,0,-12,1,1,0,-55,2
610128163847,-3,16,-11,0,8,0,1,1
610128163847,-3,21,2,-14,3,-6,5,-2
610128172081,1,10,-17,-13,-2,-2,2,0
610128172081,2,19,-5,-12,-4,0,56,-2
610128186408,-3,15,3,-20,3,0,37,-3
610128186408,-3,-6,-4,-2,-7,-1,-28,-1
610128194581,-2,-12,-8,2,-3,1,-29,0
610128194581,-7,-30,-3,-5,-4,-9,-62,-3
610128201366,-1,-68,-5,13,3,1,-98,-5
610128201366,-1,-62,-4,9,0,-1,-73,-3
610128209592,-4,-59,1,10,-1,0,-65,-2
610128209592,-8,-111,-6,31,-5,-2,33,-6
610128223957,0,-33,0,24,-3,4,-67,3
610128223957,2,62,6,28,-4,9,-128,3
610128232112,-3,-49,-41,-5,2,-8,18,0
610128232112,0,-8,-25,0,0,1,-70,0
610128246447,-3,18,-9,-29,-2,2,81,-2
610128246447,-3,5,-4,-42,-2,-2,30,0
610128255350,4,-58,-16,107,6,3,-72,-5
610128255350,9,127,22,-110,4,12,127,1
610128261426,4,-66,28,52,7,-4,-79,-2
610128261426,1,102,1,-74,2,2,123,1
610128277898,0,127,33,-59,0,1,127,1
610128277898,-2,53,14,16,17,0,55,6
610128283935,1,127,2,-82,4,2,102,7
610128283935,7,7,-4,-25,-3,-3,107,1
610128292923,0,74,-4,-59,-1,-4,113,9
610128292923,4,3,10,-3,1,-7,39,1
610128298875,2,13,-49,-26,-6,-2,65,-1
610128298875,-2,-42,-7,55,2,-7,38,-7
610128315344,-4,40,-98,-33,-6,3,70,-7
610128315344,0,-69,-19,107,-10,0,-109,-8
610128321410,1,-74,-13,103,-2,-6,-74,-5
610128321410,-5,-105,4,51,-6,-4,-46,-3
610128337895,-1,-70,15,21,-4,-1,-65,-2
610128337895,1,-23,-24,-10,-12,-8,23,-1
610128343920,0,66,10,-27,-6,-1,-57,-1
610128343920,0,46,0,-48,4,6,11,-1
610128352891,-2,127,51,-44,-10,6,-124,2
610128352891,-3,88,7,-36,0,0,-74,-5
610128358948,-8,26,27,2,-5,-5,-16,-3
610128358948,-2,-28,-31,38,10,3,-21,-3
610128375407,-4,-124,-31,56,-1,-8,127,-5
610128375407,-2,-120,-21,73,-7,-6,24,-4
610128381458,0,-116,-42,45,26,1,-79,-5
610128381458,-4,-72,1,60,-17,2,-87,-4
610128397904,0,-64,-7,68,-12,-3,-128,-4
610128397904,-4,-14,-3,55,5,3,-128,1
610128403959,-1,5,-1,26,-17,-4,-78,-1
610128403959,-1,81,12,33,14,-1,-13,0
610128419568,-2,59,17,32,-9,5,16,0
610128419568,5,127,34,1,-17,2,118,-1
610128420371,2,77,-15,-60,11,-1,127,-3
610128420371,-1,53,7,-33,-16,-4,86,0
610128435403,-1,13,-30,-112,0,-3,73,-2
610128435403,0,8,-11,-78,26,-3,92,-3
610128441402,-2,-15,-62,-112,1,-7,73,3
610128441402,-1,-39,-2,-46,-3,-4,43,1
610128457895,1,-22,-37,-5,8,0,47,1
610128457895,3,21,-7,-88,-5,5,26,6
610128463930,4,31,12,-52,6,-2,118,5
610128463930,3,60,-24,-100,2,3,127,-1
610128472914,3,41,3,-46,-1,-3,127,0
610128472914,-6,68,1,-72,2,2,114,-5
610128486389,-4,3,-9,44,-6,-3,127,-9
610128486389,-5,-57,32,61,-15,-10,62,-1
610128495422,-6,-72,61,11,8,-5,110,0
610128495422,0,-114,20,34,-6,-3,93,0
610128508939,5,-69,10,27,-6,-2,-49,1
610128508939,-1,-82,-76,51,11,0,-96,-2
610128517893,1,-108,-42,65,2,1,-128,0
610128517893,-6,-78,-7,14,-6,-5,-128,-3
610128523915,-9,12,13,63,-12,-3,-87,-8
610128523915,-8,65,37,46,-11,7,-123,-9
610128532904,-8,6,7,67,-7,-4,-128,-11
610128532904,-5,16,-28,73,-1,-1,-116,-9
610128546402,-2,27,-53,27,2,1,-128,-3
610128546402,-3,16,-37,15,-6,-2,-128,-3
610128555372,4,24,-13,1,6,3,-125,6
610128555372,0,-18,-7,31,0,3,-128,2
610128568852,2,-13,45,15,3,2,-64,4
610128568852,4,0,21,-9,10,2,-99,7
610128577891,4,37,20,-19,2,1,-97,4
610128577891,3,42,15,-24,6,6,69,4
610128583975,5,8,11,-20,-1,-4,42,2
610128583975,-2,34,11,-88,-4,-2,127,1
610128592899,-2,32,22,-76,-4,1,125,-4
610128592899,-3,22,2,-85,-1,-3,86,2
610128606391,-4,-9,35,-56,-6,-1,13,0
610128606391,-1,-12,-15,-36,3,-2,127,0
610128615365,1,-29,-11,-27,-3,-5,101,1
610128615365,0,-33,-24,5,2,-6,-86,1
610128628962,-3,-11,-10,-3,-3,0,-49,-3
610128628962,1,-40,11,14,-2,-4,17,-4
610128644561,1,5,-22,-9,-11,-2,-64,-3
610128644561,0,-4,-6,26,-7,-1,-68,-7
610128645295,-3,-13,22,16,-6,3,-52,-3
610128645295,-1,-8,35,7,-7,-4,-64,-5
610128652896,-1,-7,28,24,4,-2,-75,-2
610128652896,-6,-12,58,31,-7,2,-78,2
610128666404,3,-4,0,13,-7,-7,-14,-2
610128666404,1,22,-10,8,2,2,-87,3
610128675374,2,11,7,8,3,-1,-86,1
610128675374,-3,8,-6,13,-10,-4,46,-5
610128688925,0,22,-5,-11,-2,1,53,0
610128688925,0,44,16,-20,10,2,46,-2
610128697957,1,10,46,7,-5,-3,86,-5
610128697957,0,-13,16,32,1,-3,12,-5
610128703950,-2,-3,-4,6,3,0,-17,2
610128703950,-1,-13,-29,-11,5,1,61,-1
610128712916,-2,1,-17,-22,6,3,48,6
610128712916,1,21,-41,-36,4,1,127,-1
610128726442,2,18,-12,-42,2,-1,127,3
610128726442,6,-16,-5,-63,0,-6,49,3
610128735386,-4,4,-9,-34,7,4,127,5
610128735386,3,-3,-24,-43,0,-4,104,-2
610128748957,-3,-9,-23,-30,-7,-5,85,-3
610128748957,-3,-22,-8,22,-6,-8,39,-5
610128757904,-2,-18,-7,20,-7,2,-33,-5
610128757904,-1,-21,14,40,-1,-3,-70,-2
610128763949,-8,-20,24,77,-12,-4,-79,-4
610128763949,-5,-12,25,73,-2,-2,-71,-1
610128772954,-5,1,9,60,-9,-4,-88,-7
610128772954,-1,-10,-11,28,-1,-1,-75,-1
610128786422,0,10,-1,12,2,0,-93,2
610128786422,0,9,-26,-27,-8,0,-53,4
610128795386,-3,5,-21,-42,-6,-5,67,-4
610128795386,-6,2,9,-37,3,-1,85,0
610128808977,-3,13,0,-5,9,1,6,-6
610128808977,-3,-6,7,-13,4,-5,87,-3
610128817904,1,-15,15,-18,0,-1,-40,-5
610128817904,-2,11,-5,-6,-2,-3,-6,4
610128823959,-3,-8,15,33,1,1,-68,0
610128823959,-4,-22,1,31,-4,-3,-71,-3
610128832900,3,-11,-4,49,-4,-3,-108,0
610128832900,-3,10,-9,24,-4,-3,-77,-3
610128846434,-4,-7,10,15,-5,1,-70,-1
610128846434,1,-3,11,4,-16,-11,-128,0
610128855339,-3,12,-27,18,2,1,-42,-2
610128855339,-2,-8,14,20,5,0,-102,-2
610128868922,1,5,-46,-34,2,9,75,2
610128868922,-1,25,59,-85,-1,11,-44,-2
610128877886,-2,1,21,-70,2,0,76,2
610128877886,4,-5,33,-43,-4,-1,31,1
610128883934,-1,24,31,-51,2,2,123,0
610128883934,0,-51,37,-34,-5,-16,81,0
610128892893,0,12,-39,-57,7,3,51,-4
610128892893,-5,11,-16,-36,-4,5,101,-3
610128906401,7,-12,27,-30,-2,-8,84,-3
610128906401,1,7,-15,-19,-1,-6,119,1
610128915395,-3,-20,8,-13,8,-4,52,-2
610128915395,0,-19,-49,5,-5,-1,31,0
610128928933,-3,-23,12,-11,-2,-6,-63,-6
610128928933,1,-8,-23,38,20,6,-128,-2
610128937916,-3,-6,-2,61,-4,2,-77,0
610128937916,1,-15,-28,79,24,1,-78,-1
610128952764,-3,-22,-17,87,-5,-2,-128,0
610128952764,1,10,-23,65,22,11,-113,-1
610128954388,0,4,14,58,-4,1,-88,0
610128954388,2,8,0,13,-17,-6,-128,0
610128966413,-1,8,-8,10,2,-2,-79,-3
610128966413,-1,13,-21,-12,-15,1,-75,-4
610128975399,-4,11,-5,-4,4,3,-56,1
610128975399,-3,2,-6,-28,-1,-2,23,0
610128988923,0,12,-12,-46,9,0,61,-2
610128988923,-3,11,-32,-18,-19,4,67,1
610128997916,2,12,-11,-45,-10,-1,85,1
610128997916,-1,-5,15,-58,32,-1,95,6
610129012789,0,8,0,-43,-14,4,127,4
610129012789,0,-4,-2,-22,5,-1,127,-3
610129014344,0,-6,2,-17,-1,-5,98,-4
610129014344,3,-6,15,11,-24,-3,-17,-5
610129026440,-1,5,3,10,-6,0,6,-2
610129026440,-1,2,-16,-2,30,0,91,-1
610129035427,-2,-9,0,2,-15,-7,-7,2
610129035427,-3,-4,6,17,-9,-1,-35,-3
610129057791,-4,-3,-5,22,37,2,28,-7
610129057791,0,-8,3,14,-64,-2,16,1
610129059385,2,4,17,29,13,-3,127,0
610129059385,0,10,7,6,16,-1,49,-3
610129072783,1,-62,5,24,-51,0,-128,1
610129072783,-2,-27,-1,5,31,-3,-66,-1
610129074353,0,-22,7,-9,-28,-2,-128,1
610129074353,1,10,12,-7,0,5,-128,-3
610129086407,-5,34,5,-22,22,2,85,-2
610129086407,-1,26,10,-13,-4,2,117,-3
610129095404,3,-2,-6,-5,4,-2,84,-5
610129095404,-2,-6,-14,-57,-9,-7,29,1
610129109577,2,0,7,7,-8,1,-55,3
610129109577,0,-5,18,15,-4,0,3,-3
610129116428,1,14,-10,30,15,-3,69,-3
610129116428,-5,5,3,19,-2,2,115,-2
610129132804,4,-3,-12,38,12,-3,11,-1
610129132804,1,4,-8,5,-6,-2,57,0
610129134366,-2,2,5,-6,7,-3,28,4
610129134366,-4,6,-19,9,1,7,89,-3
610129146403,-4,8,-18,-12,-1,-4,101,-1
610129146403,-7,-18,-3,10,-5,-4,-109,2
610129155424,-1,-11,-2,0,-6,-1,-80,1
610129155424,-2,-5,-3,7,19,1,-62,-2
610129169599,-3,-3,-1,1,-12,1,-116,-1
610129169599,-4,5,-19,7,-6,0,-66,-3
610129176417,-4,-1,19,6,21,-2,-53,-4
610129176417,-6,-7,0,-3,-19,-1,-36,-2
610129192784,4,-4,33,-37,-21,0,87,0
610129192784,0,6,8,9,20,-1,88,-3
610129194336,-3,-22,-2,20,-15,-3,-1,-3
610129194336,-1,38,-2,9,-16,-3,67,-2
610129206470,-1,-1,1,7,7,1,85,-5
610129206470,-2,-4,-26,-12,-6,0,24,-6
610129215375,-1,9,-25,-44,0,6,21,0
610129215375,0,1,-9,-16,0,-2,59,4
610129229607,2,28,-35,-33,10,-3,19,-2
610129229607,-1,22,3,-1,5,2,-4,2
610129236428,-1,13,-18,38,3,3,30,-3
610129236428,4,6,-41,-18,7,-7,18,-3
610129260243,-2,11,-6,11,7,5,76,2
610129260243,2,8,22,0,3,-4,127,1
610129261902,4,2,3,-21,6,-4,127,5
610129261902,0,-5,52,-25,2,0,127,-1
610129266408,2,-15,7,-4,-1,2,87,-2
610129266408,1,-16,-2,37,4,-1,22,-1
610129275394,-4,-7,-8,12,4,0,25,-2
610129275394,0,-19,9,42,0,1,20,1
610129289612,-3,-1,-36,-10,-1,-4,-20,2
610129289612,-5,-5,13,-24,-11,-3,-16,-3
610129296389,-4,-11,21,-52,-14,2,-60,-5
610129296389,-4,-38,-11,-19,-8,-6,-128,-3
610129312756,-7,-15,19,11,-4,-2,-108,-3
610129312756,0,-17,1,-16,-3,1,-104,0
610129314366,1,-18,-17,28,-11,-3,-128,2
610129314366,-5,-7,7,1,-10,2,-90,-2
610129326415,-2,-3,12,9,-6,-2,-117,1
610129326415,0,0,-3,7,-1,-3,-128,-6
610129335371,-3,0,-1,18,-7,1,-25,-6
610129335371,3,4,51,38,5,0,36,-4
610129349635,-1,0,-53,2,0,-2,37,-5
610129349635,0,-10,-20,12,4,2,92,2
610129363951,0,-2,-10,9,2,-1,82,-2
610129363951,4,-3,-3,47,2,1,59,2
610129372719,-1,0,38,26,-1,0,55,-1
610129372719,1,-8,1,104,6,0,72,2
610129374343,8,69,38,-31,1,3,41,2
610129374343,5,-22,-36,-13,4,-1,19,1
610129386417,4,45,-2,-69,2,6,27,-1
610129386417,2,-1,-19,-63,-4,-4,26,-4
610129395519,0,7,-8,-1,4,-3,-2,-1
610129395519,1,12,-16,-74,1,-4,8,0
610129409717,1,-8,-22,-46,3,-3,10,1
610129409717,1,-22,4,-48,-5,-3,9,2
610129416606,0,-22,7,-36,-3,-3,3,2
610129416606,-2,2,-38,-27,1,-2,9,-2
610129432929,-6,-9,0,8,-1,-3,4,-3
610129432929,-5,15,0,-17,0,6,46,-1
610129434421,-4,-15,-3,14,-3,0,80,-2
610129434421,-1,-6,4,31,-11,-5,124,-2
610129446551,-3,-26,-1,24,-5,-7,122,0
610129446551,-4,-6,13,18,-5,-6,-17,2
610129455443,0,-20,5,39,0,0,-99,-4
610129455443,0,-4,15,35,-4,4,-31,0
610129469646,0,-4,23,40,1,-1,-95,-2
610129469646,-3,4,5,3,-3,-3,-85,-3
610129476432,0,-19,-14,-1,-1,-6,-47,0
610129476432,-3,15,34,-15,-1,-1,41,-2
610129492797,5,2,3,-22,6,-5,35,0
610129492797,2,16,-8,-54,-8,-5,127,2
610129494343,4,13,-8,-55,1,0,121,0
610129494343,2,8,-12,-56,9,-3,97,0
610129506475,-2,2,-7,-47,-5,1,127,-1
610129506475,4,-4,-2,1,1,0,127,-2
610129515495,-4,-11,-17,30,-3,-1,28,-6
610129515495,-9,-5,5,49,-4,0,-92,-2
610129529736,-4,-10,10,69,-8,2,-128,-4
610129529736,-7,-2,-9,54,0,0,-128,-1
610129536488,-4,-10,6,39,-7,-2,-82,-1
610129536488,-1,-3,-40,6,-1,-3,-122,-1
610129552846,1,-1,-16,1,-3,0,-107,-4
610129552846,3,-5,-5,-4,2,3,-110,-4
610129554414,-6,2,-5,1,0,0,-102,1
610129554414,1,1,13,5,-8,-1,1,-2
610129566474,4,6,0,-4,3,-6,8,-3
610129566474,4,9,-13,-26,3,4,35,-2
610129575400,-5,7,6,-37,2,0,112,0
610129575400,1,8,-7,-29,0,2,78,-2
610129589624,-2,0,8,-27,5,1,80,-3
610129589624,-3,-5,9,-21,-10,2,26,-3
610129596394,-3,8,8,-19,1,-2,77,-4
610129596394,-1,-3,-11,-6,-5,0,48,0
610129612724,2,-8,18,-8,-8,-4,-27,0
610129612724,-6,-2,-1,17,19,-1,33,2
610129614337,-3,-12,-14,14,-7,-1,-110,-5
610129614337,-6,-4,10,10,-4,-1,-90,-4
610129626378,-4,5,-21,7,5,3,-7,-1
610129626378,-6,3,17,-35,-12,-3,37,-3
610129635416,2,6,15,-34,-3,-3,-15,-3
610129635416,-2,3,-2,-2,5,-1,49,-1
610129649625,2,-8,-15,10,-7,-3,31,1
610129649625,-1,-14,-19,29,1,-3,-93,-2
610129656410,-1,-19,-30,54,5,1,-55,0
610129656410,0,-18,-5,75,1,-1,-128,-2
610129672829,-2,-4,4,70,2,0,-128,0
610129672829,1,4,-23,45,1,-4,-72,0
610129674381,-1,6,6,0,-2,4,-31,3
610129674381,-1,4,70,8,7,-4,-5,1
610129686378,2,14,-6,-20,-5,-1,60,2
610129686378,5,22,-14,-20,1,-3,127,2
610129695387,0,19,-9,-61,12,1,75,-1
610129695387,0,13,-33,-64,-1,3,127,3
610129709636,1,5,-20,-61,4,-1,127,-1
610129709636,0,1,-1,-30,3,-1,58,4
610129716392,7,-5,7,-1,5,-2,28,4
610129716392,0,-8,-7,21,4,3,-21,2
610129732744,-3,-12,17,37,-3,-2,-120,2
610129732744,-3,-4,7,2,2,3,-111,-4
610129734334,-3,-15,0,24,-3,4,-46,-3
610129734334,-6,-2,-5,-18,-2,-2,-87,-3
610129746461,-8,-15,13,6,-9,-5,-107,-6
610129746461,-5,-12,29,6,-8,-4,-66,-4
610129755501,-5,-2,-2,-1,-2,-3,-94,0
610129755501,-1,-19,1,15,-2,-3,-113,0
610129769690,-1,-13,3,-15,-4,-4,-124,-2
610129769690,-2,-2,8,-1,-1,2,-108,-2
610129776516,-4,-3,12,3,4,-2,-119,-2
610129776516,0,-2,6,-5,-5,-4,-128,-1
610129792975,-3,2,2,-9,-4,5,-101,0
610129792975,-2,-4,2,0,-3,3,-79,-4
610129794449,0,4,-6,-18,-2,-6,27,0
610129794449,-2,3,-12,-13,-5,1,-55,1
610129806458,4,6,-5,-1,3,-1,-14,2
610129806458,2,6,-7,-9,-2,-4,50,2
610129815490,3,-1,-3,-6,-4,1,80,5
610129815490,0,8,0,-6,1,-1,79,3
610129829839,-5,12,-6,-16,2,0,109,2
610129829839,-1,1,-11,8,4,-3,101,2
610129836504,4,2,-1,5,-4,-3,28,-1
610129836504,7,-6,14,3,-3,-6,108,-5
610129852345,1,-3,-9,16,5,2,94,-1
610129852345,-2,-8,10,17,2,1,1,0
610129859128,-2,-4,0,16,2,4,-53,-4
610129859128,-2,-5,-1,13,2,0,45,2
610129866609,-6,-10,6,-10,-1,-5,-82,-4
610129866609,-4,-10,2,8,-3,-3,-53,-2
610129875506,-1,0,8,21,-4,0,20,-2
610129875506,-5,3,0,9,-8,0,19,-3
610129889799,-2,7,6,8,1,1,24,-3
610129889799,1,17,-2,-3,-4,-3,118,-3
610129896612,0,5,-26,-9,2,-4,66,-3
610129896612,0,5,-3,-6,8,2,108,1
610129912166,4,14,-5,-12,1,-3,127,0
610129912166,-1,3,-56,-27,3,1,58,2
610129919035,1,2,-5,-13,0,2,99,1
610129919035,-3,2,-7,-21,-4,2,93,-5
610129935264,-2,9,21,16,-3,0,86,2
610129935264,-4,-6,-9,29,-3,-3,22,-1
610129936902,-7,-1,10,-20,-2,-4,-5,-3
610129936902,-2,-11,-35,20,-8,-3,-38,-2
610129949662,2,0,-21,-22,-7,-1,-123,-1
610129949662,0,1,48,17,0,-1,-72,-3
610129956444,-3,-1,23,-19,-10,0,-99,-2
610129956444,3,-6,0,-42,-3,-3,-128,-2
610129980251,1,-10,7,-13,-5,-3,-116,-1
610129980251,1,-14,-6,-24,-8,-3,-70,-2
610129981894,0,-12,9,0,-3,2,-119,-3
610129981894,-1,-6,15,5,-1,4,-94,1
610129995250,-5,-12,-1,20,-1,-4,-44,-3
610129995250,-2,-23,-2,-6,-9,-4,-128,-3
610129996905,-6,-42,-13,13,-10,-1,-128,-3
610129996905,-3,-27,-29,36,-9,2,-112,0
610130009568,-5,10,-7,52,0,1,-128,1
610130009568,-2,22,-15,56,5,3,-128,-2
610130016454,5,34,21,78,5,0,39,-1
610130016454,-2,24,-46,33,5,-7,127,-3
610130032180,0,43,58,-74,2,4,119,-4
610130032180,-3,26,78,-57,4,-1,127,-7
610130038938,-4,35,11,-88,0,-6,127,-5
610130038938,0,45,57,-109,3,-4,108,0
610130055752,3,-18,5,67,4,-6,119,-2
610130055752,5,-2,-37,2,2,1,127,10
610130057362,12,-9,-14,18,2,4,127,18
610130057362,7,-11,-50,18,7,4,112,8
610130069639,10,-13,-9,-4,2,5,79,14
610130069639,4,-19,-32,-2,2,6,-58,6
610130076397,-1,-4,-57,11,3,3,83,-2
610130076397,4,15,-7,23,0,-4,71,-5
610130092098,1,1,-5,-31,-2,0,127,-6
610130092098,1,0,-6,-20,-5,-7,127,-2
610130098904,-2,4,34,-46,-16,-8,81,-3
610130098904,-1,13,12,-43,-6,-1,52,-6
610130115395,-4,5,18,18,-10,1,-64,-9
610130115395,1,-19,-42,11,-5,8,-108,-4
610130116950,-8,-30,28,36,3,8,-128,-3
610130116950,-9,-44,-6,79,-1,9,-128,-3
610130129755,-8,-45,-16,63,-9,-1,-128,-5
610130129755,-6,-17,-25,78,-9,-2,-121,-4
610130136593,-3,-3,-29,105,-5,-5,-111,-11
610130136593,-13,-19,13,99,-13,-5,-128,-6
610130152379,-8,-8,-49,32,-18,-8,-128,-9
610130152379,-8,-14,-15,46,-17,-3,-60,-2
610130159135,-3,5,-12,37,-8,-3,30,-6
610130159135,-2,13,31,9,3,-5,66,-3
610130182998,-2,31,30,6,12,6,123,3
610130182998,3,48,68,-21,11,1,127,1
610130184459,8,45,43,25,15,1,93,7
610130184459,6,57,-41,-2,18,16,76,8
610130189797,7,33,-56,-35,10,-1,96,4
610130189797,1,15,14,-87,13,-4,86,0
610130196583,0,22,-29,-76,11,-2,44,4
610130196583,3,6,24,-80,5,-2,38,3
610130212200,0,-12,0,-80,8,0,39,0
610130212200,0,-4,31,-61,-1,-2,36,1
610130219116,-1,-36,53,-128,-10,-5,56,2
610130219116,2,-23,19,-64,-3,-1,66,4
610130235436,2,3,-6,-89,-7,-5,116,4
610130235436,-1,9,-3,-71,-1,2,127,3
610130236951,2,9,-12,-49,2,3,127,5
610130236951,-1,-16,9,-63,1,-4,107,2
610130248943,2,-3,-7,-15,0,-1,124,4
610130248943,5,9,-54,3,2,-6,118,3
610130257947,5,5,32,-7,-1,-4,117,-2
610130257947,2,3,23,37,-1,-1,-25,-6
610130272103,-3,-9,-24,14,-8,-2,-109,-4
610130272103,-3,7,-5,-17,-13,-3,-125,-5
610130278988,-11,-53,3,42,-2,-5,-128,-3
610130278988,-4,-25,44,2,0,0,-114,-1
610130295323,-5,-44,-24,41,-3,1,-116,1
610130295323,-4,-11,69,30,-2,4,-128,-2
610130296887,-6,-19,-72,40,-5,0,-128,-2
610130296887,-7,-5,-70,33,-1,-4,-114,-4
610130308937,-4,4,-15,48,3,-1,-109,-9
610130308937,-5,1,-18,3,-7,-3,-76,-6
610130317948,-6,-1,-10,88,-8,-5,-77,-9
610130317948,-8,-5,42,52,-32,-4,-59,-7
610130332133,-5,4,51,47,-4,-3,-52,-9
610130332133,-5,-5,-4,76,-4,-2,-105,-5
610130338946,2,9,2,69,10,1,-128,-3
610130338946,1,-3,-19,53,-3,2,-128,0
610130355284,-4,-4,15,56,3,4,-123,3
610130355284,2,-6,9,50,1,4,-119,4
610130356901,0,17,-9,2,1,3,-26,5
610130356901,3,21,-3,3,5,3,99,0
610130368947,2,30,14,-76,0,2,127,1
610130368947,3,-2,13,-77,3,-5,127,4
610130377913,-5,10,-29,-91,-3,-4,115,-5
610130377913,-2,0,15,-85,8,-3,120,-6
610130392105,0,-15,-2,-53,5,-5,127,4
610130392105,3,-2,10,-47,-3,-1,119,1
610130398918,2,-6,40,-63,0,-3,127,8
610130398918,-1,-14,12,-12,2,-5,22,6
610130415341,-2,-6,31,-46,-4,-5,111,1
610130415341,1,-16,-19,-25,3,0,127,-3
610130416918,1,-4,-4,-35,-7,-9,64,3
610130416918,0,16,-16,2,5,9,53,-2
610130428928,-2,-17,-4,-14,-5,-5,41,2
610130428928,-4,-12,5,-9,-1,-3,-76,1
610130437915,-1,12,2,-9,0,2,-53,-7
610130437915,-6,-10,7,-21,-3,-1,-22,1
610130452162,-2,-8,-6,12,-5,-4,-128,-4
610130452162,0,0,-39,17,-7,-4,-63,0
610130459041,-2,-4,16,20,2,-3,-105,0
610130459041,-3,-3,-18,22,-6,-6,-100,0
610130475408,-3,2,2,42,7,2,-109,-5
610130475408,-5,-4,0,81,2,2,-107,-6
610130476945,-2,-2,-13,57,-3,3,-128,0
610130476945,-1,10,-18,48,-7,-1,-22,-3
610130488990,6,5,1,7,11,5,65,4
610130488990,3,-2,1,-16,-4,-4,59,2
610130498010,6,8,17,-40,3,4,124,-1
610130498010,2,18,-9,-62,8,-1,127,0
610130512313,-1,7,-1,-50,-3,-8,106,-1
610130512313,1,10,-15,-75,-4,-2,127,-1
610130519153,0,0,-21,-50,-5,-5,127,0
610130519153,-1,-14,3,-6,-1,-2,116,-1
610130535337,1,-11,-1,24,-2,-2,85,2
610130535337,-4,-7,24,77,3,3,-58,0
610130536948,-2,3,-31,26,12,4,-78,-3
610130536948,-1,-19,-13,58,2,5,-128,-1
610130549167,-1,5,-50,45,-6,2,-119,-3
610130549167,-7,2,-18,28,4,-3,-53,-7
610130558128,-7,-9,-37,10,0,0,-79,-1
610130558128,-3,-3,-6,12,2,-5,-34,0
610130572244,-1,-1,39,-15,-7,0,-66,-5
610130572244,-3,-6,-6,22,-4,-1,-90,-2
610130578961,2,-2,-9,17,-4,1,-111,-2
610130578961,-2,-2,-40,-18,-5,-3,-102,-3
610130595224,5,2,-6,-14,0,2,-63,0
610130595224,3,2,-5,-38,3,-4,78,2
610130601420,-4,2,17,-23,-6,-9,91,-2
610130601420,0,3,43,-16,-8,-1,8,-1
610130608931,-2,-3,-42,7,4,0,-69,-4
610130608931,1,0,-44,0,-3,-1,-22,-1
610130617972,5,1,-22,-4,-2,-3,18,-1
610130617972,1,-5,-3,-17,5,0,100,-1
610130632137,3,-1,16,-26,-5,-4,103,1
610130632137,0,0,16,-27,0,2,127,2
610130638959,-1,0,14,-18,0,3,127,4
610130638959,-1,2,-6,-41,1,-6,99,3
610130655310,1,12,12,-47,-4,0,127,3
610130655310,2,10,-19,-61,-2,-3,89,-1
610130656896,0,-2,0,-36,-3,-2,-36,1
610130656896,2,-8,-32,21,-7,-3,-124,-6
610130668929,-6,-15,-21,40,2,-1,-120,-4
610130668929,-5,-15,33,57,1,-4,-128,-8
610130677888,-10,-18,36,77,-1,-4,-125,-8
610130677888,-7,-14,-20,80,-6,-2,-107,-6
610130692104,-12,-14,-23,84,-9,-9,-94,-2
610130692104,-8,-9,-6,81,-8,0,-128,-4
610130698942,-1,-3,-9,66,-1,0,-122,-5
610130698942,-3,12,-12,22,3,-4,-116,-5
610130715280,-6,16,-16,-39,6,4,-20,-18
610130715280,-10,14,-52,-59,12,-6,84,-7
610130716894,1,6,-38,-6,0,-2,127,-4
610130716894,3,16,28,23,-3,-1,127,21
610130728920,13,4,-23,-83,-6,-4,64,29
610130728920,4,-60,-27,-105,-7,-10,-4,30
610130737938,-3,-61,56,-81,-8,-4,-97,17
610130737938,-3,-31,69,-10,-16,-13,-128,-12
610130752126,-14,23,61,94,-8,1,-43,-29
610130752126,-14,80,60,100,4,19,67,-30
610130758974,14,74,4,109,12,21,126,-26
610130758974,17,11,5,-26,16,25,118,7
610130774674,27,23,7,-73,21,22,127,18
610130774674,18,14,-36,-95,10,3,112,19
610130781438,-25,-19,-32,-71,-4,-24,60,1
610130781438,-44,-62,-93,-45,-21,-38,-84,-12
610130788918,-55,-79,53,17,-4,-32,-120,-14
610130788918,-31,-36,103,36,-33,-18,-101,-11
610130797912,34,19,69,-45,-7,-14,100,-6
610130797912,52,33,37,-3,20,7,127,10
610130812327,78,29,55,7,-18,20,127,25
610130812327,72,19,-36,96,21,18,25,24
610130819056,35,6,-95,103,13,30,-103,27
610130819056,40,0,-77,25,9,24,-97,11
610130834754,35,15,-110,-13,30,7,70,9
610130834754,19,14,-7,-65,-8,5,96,2
610130841522,18,12,-15,-122,-12,-4,127,-12
610130841522,-1,9,36,-93,-9,-13,127,-13
610130849092,-35,-31,31,-31,-30,-24,-50,-22
610130849092,-39,-42,14,-4,-17,-16,-97,-24
610130857959,-68,-29,9,14,-3,-17,-128,-8
610130857959,-61,-18,-10,49,-7,-8,-127,-6
610130872327,-59,0,-8,40,0,-10,-111,5
610130872327,-63,-20,-4,16,-4,-3,-121,10
610130879062,-50,-26,1,71,-17,-3,-128,0
610130879062,-35,-3,2,65,1,-6,-57,-2
610130910550,-12,-5,-36,46,1,1,18,-12
610130910550,10,-2,-29,58,-10,0,42,-7
610130911910,6,5,30,40,-9,9,103,-1
610130911910,8,5,21,31,-3,5,114,-10
610130917932,4,-4,-3,95,9,8,68,-10
610130917932,14,16,-14,57,0,3,65,-9
610130919469,14,19,5,33,1,-1,70,-4
610130919469,15,29,15,-41,1,2,61,-3
610130932324,19,19,-5,-46,2,1,21,3
610130932324,8,27,38,-66,6,-6,36,-2
610130939156,12,12,3,-67,-6,-2,29,0
610130939156,4,-1,20,-45,0,-6,17,-1
610130954823,3,-3,-15,-42,9,1,17,4
610130954823,11,31,33,-96,-2,1,13,1
610130961614,10,7,16,-16,0,1,6,5
610130961614,11,4,20,-43,2,-1,12,6
610130977822,10,8,35,-108,-9,-3,6,5
610130977822,8,-5,10,-88,2,-4,110,6
610130979371,5,3,14,-102,8,-3,119,7
610130979371,12,19,13,-100,-5,-1,127,6
610130992133,4,2,25,-67,2,-4,127,4
610130992133,1,11,46,10,6,-5,112,-3
610130998982,0,-20,-98,23,6,5,-10,-1
610130998982,-14,-32,-78,104,-7,6,-98,-7
610131014605,-16,-55,-46,111,-9,4,-128,-15
610131014605,-20,-45,-40,127,-1,-2,-128,-20
610131021443,-16,-23,2,113,-16,-2,-110,-21
610131021443,-19,-32,4,113,-20,0,-120,-12
610131037811,-12,-3,-61,127,-6,-4,-104,-11
610131037811,-9,-11,-28,111,-2,2,-29,-6
610131039416,-2,7,11,67,-5,-5,23,-1
610131039416,3,23,7,43,5,3,62,3
610131052179,11,42,19,-17,6,-6,77,7
610131052179,15,23,-39,-78,3,2,42,7
610131058925,11,30,20,-113,17,0,42,9
610131058925,7,26,-43,-128,9,-1,53,7
610131074634,11,23,50,-128,-1,-5,53,8
610131074634,8,6,52,-126,-2,-5,15,10
610131081419,5,2,56,-114,-1,-2,16,9
610131081419,7,2,39,-105,-6,-3,124,1
610131097775,1,-13,18,-48,-11,-2,127,2
610131097775,-6,-17,3,-24,-1,-2,124,-5
610131099388,-10,-13,25,20,-4,-10,127,-8
610131099388,-15,-23,-30,28,-1,-2,22,-7
610131112121,-14,-23,-52,77,-4,1,-99,-8
610131112121,-5,-31,-13,106,-2,3,-128,-6
610131118951,-7,-22,-53,84,-3,0,-128,1
610131118951,-2,-7,1,60,-2,-1,-124,-5
610131134610,-2,2,11,37,-1,2,-110,0
610131134610,-2,-3,-9,21,1,1,-69,3
610131141446,-1,-2,-6,21,-1,4,-7,0
610131141446,-2,-2,0,5,-7,-6,33,-6
610131157826,-3,13,-14,-10,-3,-2,51,-6
610131157826,-5,5,-4,6,0,-1,39,-5
610131159425,-6,7,-1,-2,-3,0,37,1
610131159425,3,3,25,0,2,-1,26,0
610131172137,4,6,-16,-7,-1,4,35,1
610131172137,3,4,-16,-5,-1,-4,25,3
610131178930,3,3,-9,-1,6,2,12,1
610131178930,4,5,-39,-20,8,0,0,2
610131194706,1,4,32,-21,4,-4,17,-2
610131194706,2,-1,22,-40,1,2,9,0
610131209108,5,2,6,-50,-2,-3,-6,-5
610131209108,1,3,35,-33,-6,0,-2,4
610131217897,6,-1,13,-29,1,3,54,-2
610131217897,2,3,2,-9,1,2,60,1
610131219431,2,-4,7,-14,0,3,115,-2
610131219431,-2,3,-6,-19,3,0,109,2
610131231661,-5,-6,-6,-15,2,-5,17,-4
610131231661,-4,-7,13,16,-1,-2,-30,-5
610131240444,-3,-11,-10,5,-2,-2,-66,-4
610131240444,0,-4,7,32,1,0,-113,1
610131254809,-5,-6,-4,10,-4,1,-98,1
610131254809,-1,3,2,-15,2,3,20,1
610131261674,-2,0,10,-23,-5,-4,-16,5
610131261674,0,1,11,-32,-4,-5,17,-6
610131278230,-3,2,2,-25,-3,-6,122,-2
610131278230,-1,6,-5,-37,-2,-3,116,-6
610131279957,9,5,6,-20,4,-5,100,0
610131279957,3,6,-4,-12,3,2,127,5
610131291590,5,4,-1,-14,5,-1,113,4
610131291590,6,2,-5,-17,-1,0,101,3
610131300521,-6,5,-18,-21,2,3,96,-4
610131300521,-2,-7,-8,-3,1,-1,58,-3
610131314848,-8,-11,-53,9,-4,-5,-43,-3
610131314848,-9,-9,-12,24,0,-2,-103,-4
610131321651,-3,-12,-13,38,0,-3,-128,-8
610131321651,-8,-6,8,33,-9,-2,-128,1
610131338061,-4,-7,26,39,-2,1,-91,-1
610131338061,-1,-5,-1,33,-2,-4,-128,5
610131339446,-5,-1,12,8,-8,1,-79,1
610131339446,1,8,-9,-11,1,-2,-30,1
610131351946,3,8,7,-16,1,-3,93,-1
610131351946,0,12,-12,-33,6,-3,93,-2
610131360566,11,7,5,-28,6,0,127,-1
610131360566,12,13,-13,-22,11,1,127,3
610131374663,14,9,22,-24,8,5,106,9
610131374663,9,19,-23,-53,-6,-2,124,2
610131381435,4,7,36,20,0,1,22,2
610131381435,-2,18,12,-58,-7,-3,-92,-6
610131397784,-9,-13,86,38,-11,-2,-128,-7
610131397784,-12,-62,52,38,-21,-4,-128,-12
610131399358,-16,-35,-9,32,1,-5,-121,-11
610131399358,-8,-42,-16,91,-11,-2,-128,-14
610131411458,-9,-29,-65,108,-8,2,-128,-9
610131411458,-1,-33,-90,107,-7,3,-128,-3
610131420442,2,-19,-23,116,-7,-1,-128,-2
610131420442,-4,-15,-17,102,-4,4,-123,-1
610131442803,-4,28,33,3,4,-2,-45,2
610131442803,-5,68,66,-65,1,-3,85,6
610131444396,2,57,-10,-127,5,-8,116,9
610131444396,4,71,52,-128,13,-1,127,8
610131457792,4,60,17,-128,12,-5,127,6
610131457792,7,33,18,-121,22,-1,68,6
610131459382,7,11,44,-70,12,3,7,6
610131459382,4,11,59,-72,9,0,-40,16
610131471459,2,-81,23,-21,1,2,-93,5
610131471459,-4,-74,60,20,22,1,-110,3
610131480410,-8,-57,-73,61,-14,-6,-74,-5
610131480410,-10,19,-5,117,-8,0,-77,-15
610131494685,-11,72,8,104,-12,-1,-60,-16
610131494685,-9,127,-12,85,-10,10,-62,-21
610131501415,-7,5,26,95,-6,1,-56,-19
610131501415,-6,-107,-126,81,-12,-6,-34,-16
610131517874,4,-65,-110,61,-5,-4,-35,-1
610131517874,3,-32,-6,29,-7,-4,4,4
610131519409,4,27,-13,-33,6,2,-127,5
610131519409,-1,48,15,-83,-25,-4,-93,8
610131531465,7,59,6,-53,16,0,26,12
610131531465,6,2,-32,-58,7,-9,76,13
610131540443,2,27,-17,-69,6,2,127,14
610131540443,-5,-28,18,-51,5,3,99,3
610131554694,-11,-38,-71,14,-11,4,-6,0
610131554694,-8,-59,-60,-20,1,0,-61,-6
610131561530,-11,-64,-1,-33,-5,-5,-24,-3
610131561530,-5,39,40,74,-5,-2,-35,-10
610131577919,-11,0,18,48,-7,-6,-25,-9
610131577919,-13,-56,16,117,-9,-2,11,-5
610131579446,-5,-45,-95,33,-15,-7,48,3
610131579446,5,31,77,2,7,9,-43,6
610131591661,8,41,43,89,-7,-1,-73,2
610131591661,-3,111,51,-90,-4,2,61,0
610131600522,-5,68,-2,-73,14,8,91,-10
610131600522,-11,31,45,95,18,2,77,-4
610131614609,11,50,86,-119,23,25,4,-3
610131614609,20,-1,58,6,17,2,-56,-3
610131621672,32,55,-54,9,21,16,-53,6
610131621672,29,-56,-31,-27,11,-20,-5,4
610131638007,16,-35,8,-103,3,-3,0,3
610131638007,23,-20,-60,-65,-5,0,-45,-4
610131639495,-3,-14,1,-26,-11,-12,-32,-9
610131639495,-3,19,-120,-19,-21,4,-117,-4
610131651530,-19,13,-61,-40,-16,16,81,-10
610131651530,-22,-51,-50,11,-9,-12,-109,-1
610131660638,-12,7,79,26,-24,-3,-117,2
610131660638,-13,-4,90,-61,-18,0,127,1
610131674845,-6,-38,34,-44,-26,-18,-68,-2
610131674845,-9,-4,26,6,-59,6,-74,-4
610131681658,-4,-3,-45,19,-15,9,-102,-1
610131681658,-2,4,-23,-76,-11,19,16,-3
610131697245,-4,-19,-48,16,-20,-1,44,-2
610131697245,-4,19,-70,6,47,3,103,-4
610131703993,-1,-21,22,66,1,-11,101,3
610131703993,-6,-14,44,49,52,-6,127,-1
610131711831,0,55,91,68,42,18,127,0
610131711831,4,-1,-96,-30,29,3,103,3
610131720467,1,-5,90,-27,7,-4,127,3
610131720467,1,-20,-80,-126,1,-12,66,4
610131734735,5,5,-42,-72,8,1,108,6
610131734735,7,17,22,-3,3,11,90,8
610131741414,4,-3,-68,-16,19,1,127,3
610131741414,-2,11,51,12,10,1,104,-3
610131748922,-4,-24,-99,18,-4,-11,-55,-2
610131748922,-7,-16,65,42,4,-7,-87,-4
610131763935,-8,-28,23,28,8,-10,-96,-8
610131763935,-10,-55,-48,64,8,-33,-128,-5
610131772175,-4,-21,-29,95,30,-1,-128,-7
610131772175,3,27,43,101,31,18,-73,-4
610131778955,2,-5,57,61,-74,-3,-115,-2
610131778955,3,35,0,49,-42,27,-115,-7
610131794655,-1,5,67,-25,-101,-12,-62,-2
610131794655,-4,-3,-85,-45,-75,-11,-64,-2
610131801433,-4,28,33,-70,16,27,-66,-4
610131801433,-3,5,-10,-61,-11,5,-120,4
610131808947,0,2,8,-84,-15,-2,-106,3
610131808947,4,7,54,-68,-32,20,14,0
610131823940,3,13,17,-52,-8,-6,-116,3
610131823940,7,8,12,15,-4,2,-96,1
610131832124,-2,-8,34,16,62,6,-15,-3
610131832124,-2,-16,30,-25,34,-17,7,3
610131838962,-11,-1,16,-20,31,-5,24,0
610131838962,1,-13,52,17,-2,8,57,-1
610131854716,6,-5,-15,-3,6,-2,70,-5
610131854716,5,-10,60,68,1,-6,85,0
610131861507,0,-4,-55,87,-2,-17,-37,-2
610131861507,-4,4,46,31,18,13,49,2
610131868955,-5,-4,36,20,1,-17,81,1
610131868955,-1,-2,-27,11,-6,-6,13,-1
610131883989,0,3,26,61,13,18,48,-2
610131883989,3,5,-102,34,3,-8,53,1
610131892275,-2,-4,-55,47,0,-1,14,3
610131892275,-3,-3,-26,29,-2,7,115,-3
610131899013,2,3,1,11,1,6,85,-2
610131899013,3,-4,-73,-21,-4,-23,72,0
610131914509,3,0,2,-4,2,3,-24,2
610131914509,-6,1,-10,14,0,-6,23,4
610131922980,1,4,-49,-26,0,-4,97,-1
610131922980,4,1,-34,-33,-32,4,127,-3
610131929178,7,-14,-59,-57,-51,-28,44,-2
610131929178,2,-5,98,38,-44,-8,-107,4
610131944020,-5,-6,55,-39,-52,-11,-83,-3
610131944020,-6,-1,59,0,2,-1,-104,-4
610131952212,-9,3,52,-46,9,24,-105,-4
610131952212,-2,-5,3,-23,-59,-7,-128,-2
610131959144,-2,3,89,-43,21,13,83,-1
610131959144,0,-1,23,1,-7,8,-9,-1
610131974745,-2,0,4,2,7,-3,-12,0
610131974745,-1,0,0,-42,85,15,-48,0
610131981608,-1,1,-24,30,56,-11,46,-2
610131981608,0,1,-49,2,-34,0,27,2
610131996541,3,1,-30,-46,0,9,-41,3
610131996541,1,1,-52,35,40,-1,-39,-2
610132003989,6,-3,-77,62,-30,-14,-102,4
610132003989,0,-3,-13,-1,-13,-2,-42,0
610132013121,-3,-4,35,43,-3,4,8,1
610132013121,5,-1,-52,-27,57,-14,73,-4
610132019019,0,-1,54,-56,-20,19,81,3
610132019019,-4,-7,42,3,-45,-5,95,2
610132035482,0,1,-1,-23,-6,-6,3,2
610132035482,-1,-2,-44,65,-20,-8,-56,0
610132041654,1,-4,-48,-12,-12,2,-50,-4
610132041654,0,0,-40,-3,44,-5,-88,-2
610132056498,0,-3,-15,61,-16,5,-52,-4
610132056498,-1,-6,-23,-49,-5,-34,-5,0
610132063945,-2,-4,22,20,-16,4,-27,-4
610132063945,-5,-2,-20,-72,31,-29,-90,2
610132072962,1,-1,-2,29,30,-8,-6,-6
610132072962,-9,-1,38,87,-26,13,10,3
610132078986,-7,-5,27,-67,22,-8,-51,-4
610132078986,-1,-5,-11,44,-18,-27,-47,-7
610132095475,-4,-1,42,127,31,38,28,4
610132095475,1,1,15,-85,24,12,7,-7
610132101415,0,-6,-9,-52,66,-20,-32,5
610132101415,2,-6,24,42,23,3,-8,3
610132116453,5,-5,-37,1,9,-42,28,-3
610132116453,1,1,-27,97,-9,-29,-9,2
610132123972,1,4,16,127,-2,31,-14,5
610132123972,0,2,-7,5,30,-21,-5,0
610132132919,1,-1,31,43,-20,-24,-1,-2
610132132919,2,4,38,-14,-66,54,-3,0
610132138954,-2,-3,16,63,17,44,1,-4
610132138954,-5,10,-13,-29,-59,102,-8,2
610132155475,-4,-11,-35,31,67,-78,-1,0
610132155475,-3,-4,15,5,7,-3,8,0
610132161459,-4,-4,-11,-98,-55,-40,2,-6
610132161459,-1,0,93,-63,74,35,-14,0
610132176482,-1,6,-71,-11,-116,4,4,-2
610132176482,3,9,3,4,2,65,6,-1
610132183959,-1,1,-58,94,-43,-45,-9,-2
610132183959,1,-1,26,125,89,-5,104,-7
610132192963,-3,-6,63,-42,101,-1,82,0
610132192963,3,-16,-63,-11,14,-62,2,-1
610132198956,1,-14,-34,-79,-69,7,73,-2
610132198956,4,-17,-17,-20,49,-35,4,-3
610132215417,-5,-15,0,8,-34,-8,-54,0
610132215417,-11,-7,-14,-80,40,-28,127,-4
610132221483,-10,10,0,30,-34,17,-84,-2
610132221483,-3,10,-8,72,-98,25,-1,1
610132236469,-7,14,-80,75,0,-26,70,8
610132236469,2,5,8,70,9,11,-61,1
610132244177,-1,5,-10,127,0,7,-6,1
610132244177,2,-11,-6,116,20,-41,-15,-5
610132253033,2,2,26,106,-65,43,22,-7
610132253033,-6,0,-3,100,7,-25,-66,-6
610132259003,-11,4,-18,-115,127,-16,-18,-2
610132259003,-4,5,-5,-51,-23,-11,-79,-5
610132275559,-3,5,-5,-128,62,25,-117,2
610132275559,2,1,-18,-98,24,-13,-68,2
610132281460,10,1,-2,-35,49,-15,-105,0
610132281460,6,-3,-10,-81,-6,0,-67,8
610132296656,3,-8,13,34,44,-6,-105,3
610132296656,1,-6,21,-50,-58,1,-50,-1
610132303969,-2,-7,25,103,-15,5,55,1
610132303969,0,-5,28,81,18,7,108,-4
610132312990,2,2,3,16,-2,-3,119,-5
610132312990,-2,1,29,-12,-6,22,127,-3
610132319176,-1,0,4,-77,-30,13,83,1
610132319176,-9,9,15,-16,-44,-2,-69,2
610132335556,-9,5,-18,57,-58,15,-82,0
610132335556,-5,-1,-6,36,54,-22,-54,-3
610132341591,-1,4,-21,-70,-39,-44,-99,-1
610132341591,3,8,-22,-68,-20,2,-82,4
610132356584,6,2,-24,-37,4,-12,-39,-2
610132356584,-3,-2,-32,-24,-20,-8,-42,5
610132373093,5,-7,-2,52,-31,27,76,1
610132373093,5,-7,-13,-26,-24,-14,87,3
610132374456,0,-3,27,-38,7,-14,13,1
610132374456,-2,1,-22,71,39,1,-41,-4
610132379078,-3,-6,-30,48,-53,-65,32,-2
610132379078,-10,-3,-30,-22,67,-14,-107,-3
610132395471,-3,-3,14,76,-78,21,-32,-3
610132395471,2,-4,27,56,13,-28,35,2
610132401487,3,-1,-32,77,-12,0,74,2
610132401487,-1,-4,-20,-54,23,-5,42,-2
610132416478,1,-1,14,-64,37,-2,70,-2
610132416478,-2,-5,8,-73,17,9,97,-1
610132423944,-6,3,33,-61,77,0,69,-2
610132423944,-5,-2,-7,-38,52,-14,127,-1
610132432998,1,-2,-3,-44,127,12,44,-6
610132432998,-1,-2,-37,-104,60,-13,13,0
610132438963,2,-7,-4,84,14,-16,83,-2
610132438963,0,-7,-40,118,-29,-65,49,2
610132455473,-4,3,15,-105,99,25,58,1
610132455473,4,7,-44,-4,-71,-42,-39,0
610132461452,-4,12,-22,-86,-19,-36,-128,1
610132461452,-5,19,9,10,-58,12,-128,-4
610132476467,-3,13,-43,20,6,-39,-115,-2
610132476467,0,10,7,-42,-22,44,-78,5
610132483964,1,0,25,-73,-24,22,-128,2
610132483964,-4,-3,35,57,-74,23,-49,0
610132492909,-1,-10,33,-12,-75,10,69,-3
610132492909,3,-10,38,-59,-66,4,94,-6
610132499003,1,-11,84,-14,-12,26,105,-2
610132499003,0,-15,34,-50,125,10,127,-3
610132515481,-3,-18,-30,-111,-41,-21,22,-1
610132515481,-5,-11,35,-36,-1,-29,96,-3
610132521454,-1,3,41,23,109,47,96,-5
610132521454,4,0,-62,9,61,21,127,1
610132536461,-1,7,-66,98,-6,29,61,1
610132536461,-3,6,-59,32,56,10,73,0
610132543968,-1,5,-62,-56,32,-32,-73,-3
610132543968,1,0,31,-101,-45,0,37,-1
610132552943,2,-4,-1,-54,-50,10,112,2
610132552943,2,-2,-31,49,-74,14,102,-2
610132559014,0,-3,-36,55,-109,-17,-65,1
610132559014,-5,6,-21,-85,68,-4,-128,-2
610132582332,0,4,-18,-70,35,-54,-128,0
610132582332,-3,2,20,68,36,13,-87,-2
610132582973,-7,-2,14,67,51,4,-79,-2
610132582973,0,-7,16,74,-75,8,-128,0
610132596628,-1,-3,48,17,-61,11,-107,-3
610132596628,6,-10,50,54,-5,10,51,-4
610132604032,2,-14,9,-5,18,-2,114,-2
610132604032,-6,-13,15,-45,-87,-19,70,2
610132612965,1,-3,102,-29,127,81,90,-2
610132612965,-5,2,-48,16,-20,-48,-25,-5
610132619052,-5,10,-68,45,57,-27,-118,4
610132619052,2,14,-18,-75,-34,12,-64,3
610132642241,3,5,-22,81,-63,-9,73,1
610132642241,-3,5,1,52,-15,38,-46,9
610132643089,3,-7,1,-60,-7,50,127,-5
610132643089,1,-7,8,-37,3,-4,-75,-3
610132656696,-1,-11,-5,-37,20,-6,90,0
610132656696,-4,-8,-40,-110,80,-56,-128,-3
610132664045,1,-1,1,-49,-67,-9,49,1
610132664045,2,5,9,119,11,-9,-29,-2
610132673125,-3,2,20,-11,-76,22,79,-5
610132673125,4,4,45,82,55,27,2,-1
610132686663,-3,1,-19,37,-45,-18,-92,3
610132686663,2,-1,-11,-46,64,-20,5,-2
610132695546,-1,2,-32,36,49,-41,66,3
610132695546,-3,1,-40,24,26,13,68,0
610132701711,-2,1,4,-35,-43,23,74,0
610132701711,-3,-2,-27,65,-31,-28,40,-9
610132716638,1,-6,-57,-11,31,-65,-128,-3
610132716638,1,2,27,-66,-4,20,68,-3
610132724089,6,3,-19,-64,21,-25,-53,-5
610132724089,3,1,0,-23,-38,7,85,2
610132739117,0,-2,8,-6,-23,31,-7,1
610132739117,2,-2,-10,-36,-3,-27,-24,-1
610132746555,1,-4,31,12,76,42,94,-2
610132746555,-3,-6,34,46,40,14,110,-6
610132762200,3,-4,-9,-6,40,-44,61,2
610132762200,-6,-2,24,-13,-8,5,61,0
610132762921,-3,-5,-35,-30,-45,-65,-48,5
610132762921,-2,0,7,20,49,2,65,1
610132776449,-3,3,-52,55,20,-61,12,2
610132776449,2,5,9,46,15,19,-44,1
610132783974,-1,3,11,39,77,1,-39,2
610132783974,-4,-1,-71,-82,-26,-49,-125,0
610132798922,-4,-1,-28,19,-46,-32,65,2
610132798922,4,0,-26,8,-78,-37,87,4
610132806432,-5,3,0,12,-56,4,61,-3
610132806432,0,5,-7,11,44,4,52,2
610132822130,-1,-1,11,31,14,15,-49,-7
610132822130,-6,-6,0,-42,-20,-9,-98,-9
610132822913,-4,-3,11,-13,49,4,-65,-1
610132822913,-5,-10,25,3,26,9,-10,-2
610132844615,-4,-6,32,10,22,20,-83,-3
610132844615,0,1,6,52,36,8,-54,0
610132845391,4,3,19,3,-1,32,-33,2
610132845391,5,5,1,39,-25,20,-32,-3
610132858959,-2,3,-4,-19,10,21,-70,-4
610132858959,-1,3,-12,-15,-3,-11,-47,1
610132866448,-1,-2,-11,-44,-4,-11,-14,-1
610132866448,1,-2,-5,53,-10,-10,-16,3
610132882192,-3,2,12,-5,-29,22,-23,2
610132882192,0,-7,-8,-11,-23,-2,3,1
610132882919,1,0,-6,37,7,-9,-5,-6
610132882919,-1,-2,7,-8,-18,10,8,4
610132896463,2,4,10,18,-2,16,-8,1
610132896463,0,2,14,2,10,-8,-12,3
610132903977,1,1,-20,8,26,-5,-13,0
610132903977,1,-6,-11,-6,31,-8,-3,-5
610132919019,0,4,21,-98,37,19,-7,-2
610132919019,-3,-6,20,59,-10,14,-11,-3
610132926701,-2,-6,1,48,-29,1,-1,-4
610132926701,3,0,1,33,-8,6,12,-5
610132942279,3,-1,-21,33,-10,-10,-6,-4
610132942279,4,6,-26,-15,-57,-15,-1,-2
610132942946,1,4,-13,2,-45,-32,2,0
610132942946,0,-3,-66,-10,-68,-63,1,0
610132956560,3,1,-31,12,-41,-40,-10,5
610132956560,-2,0,-32,4,-57,-36,-6,1
610132964048,1,-6,-18,29,8,-28,0,-2
610132964048,2,1,30,36,30,33,-1,-1
610132979156,1,-4,-8,20,-73,-14,-4,2
610132979156,1,-2,21,59,124,27,1,-4
610132986675,0,-2,-24,13,-2,-27,-22,2
610132986675,-13,-52,-35,-8,2,-2,-103,16
610133002230,-6,87,36,115,58,20,-109,10
610133002230,8,3,-47,46,13,-53,-128,-27
610133002922,17,9,34,-65,-24,2,84,-2
610133002922,13,15,127,-96,-82,116,127,-4
610133016685,-18,-69,-59,-105,36,4,64,-5
610133016685,-31,-30,-68,54,83,-8,85,-5
610133024077,-30,-12,12,125,78,-13,23,-14
610133024077,6,22,92,-26,41,23,-64,1
610133039186,15,4,11,-87,-37,-24,-11,15
610133039186,13,47,18,-128,10,31,-48,16
610133046566,0,-10,-55,-52,-62,4,-22,-1
610133046566,-11,-9,-47,78,-20,-38,-88,-9
610133062386,-7,-7,87,127,-15,43,69,-13
610133062386,-3,-28,0,30,-34,-38,114,-8
610133063021,-3,14,5,70,-52,1,-45,-7
610133063021,-4,18,-59,62,1,-34,-64,6
610133078096,3,-14,-31,4,19,-17,-112,-6
610133078096,1,-9,35,-50,8,27,-123,2
610133084216,-1,9,-2,-27,35,-12,22,13
610133084216,-1,19,-49,-41,31,-11,7,0
610133098950,10,28,13,-103,50,73,-2,-5
610133098950,9,3,-2,-38,-14,9,109,15
610133106432,4,-14,32,-90,-48,13,-11,3
610133106432,-2,6,78,23,63,66,-10,4
610133122134,-8,-24,-15,18,-29,-45,-64,1
610133122134,-2,-27,37,-51,-21,3,49,-12
610133122917,4,19,-19,-45,34,23,62,-1
610133122917,2,20,-13,88,-12,-11,-36,0
610133136446,2,-5,-1,94,-48,-17,89,0
610133136446,-3,15,12,92,3,31,36,2
610133152178,-4,-13,-23,71,26,-17,-11,2
610133152178,2,-7,-13,-23,-77,-29,127,-3
610133158958,-6,-10,2,-29,13,-6,51,-3
610133158958,1,-1,-23,16,-24,-29,-13,1
610133166473,6,1,-29,16,26,11,-101,-2
610133166473,-6,2,-25,-12,-27,-10,32,-6
610133182140,5,-2,4,-18,-6,7,11,-6
610133182140,0,1,11,-3,-11,8,17,3
610133182920,-2,-4,14,7,-4,0,-41,2
610133182920,-4,-18,14,-14,30,-5,105,-3
610133196490,-3,-1,-7,21,-1,-8,50,2
610133196490,-5,6,-6,44,-20,-5,71,2
610133203998,-1,1,-2,-12,25,17,30,-4
610133203998,0,4,-24,-6,26,-27,38,0
610133219027,-3,7,-30,-31,-1,-3,-10,1
610133219027,1,7,-18,28,-6,-4,-123,0
610133226563,-1,7,20,-93,12,15,-106,2
610133226563,4,-2,2,-34,21,4,-49,3
610133242148,1,3,1,0,5,-5,-52,3
610133242148,-2,-11,-4,-4,20,-1,-128,1
610133242890,0,-9,27,47,-4,19,118,-1
610133242890,2,-14,-12,-9,3,-9,-122,-6
610133264721,5,-9,3,22,-7,2,93,-2
610133264721,1,-7,18,-4,-50,-3,89,0
610133265477,1,3,45,17,-38,36,34,-3
610133265477,-3,-5,9,-66,-44,-19,-3,1
610133279041,-4,-9,12,-19,-69,-1,-28,-7
610133279041,-1,-4,-3,-66,-22,1,-83,-5
610133286452,1,-3,-21,40,-3,-21,-116,0
610133286452,-3,-2,-22,-31,-4,8,-110,0
610133302226,2,6,6,97,3,-2,-74,-8
610133302226,-4,0,-21,17,-19,-9,34,2
610133302936,-1,-1,-15,28,5,-4,-76,-2
610133302936,-1,-1,-6,29,-6,-9,8,-2
610133316688,-6,-6,-26,-24,41,-14,-5,1
610133316688,0,6,16,89,10,15,106,-1
610133324187,2,-13,-24,-12,11,-30,106,-2
610133324187,-3,1,23,126,30,12,119,-7
610133339009,3,-2,-9,-7,69,-12,14,2
610133339009,-2,3,15,75,51,12,-59,-1
610133346699,-1,-2,-1,80,-51,-6,49,1
610133346699,0,-2,-11,92,-94,-2,-23,-2
610133363724,-3,1,11,31,-38,9,127,1
610133363724,0,-1,4,-23,14,7,105,-3
610133364497,-4,0,-3,6,38,3,95,2
610133364497,-3,2,1,-48,26,11,127,2
610133376578,-2,-2,-8,-33,-17,-6,110,5
610133376578,-4,-6,8,-79,-36,2,92,-1
610133384144,-1,-5,6,-34,-17,0,57,-4
610133384144,-3,-7,-5,57,-4,-6,120,1
610133399194,-3,-10,-4,-83,9,0,-73,-5
610133399194,0,-4,-18,-18,17,-10,-22,0
610133406643,-9,2,1,-100,10,-3,-17,0
610133406643,-2,2,-2,-53,30,3,-25,-1
610133422303,-4,4,13,50,-5,5,-121,-1
610133422303,6,4,-4,48,-19,-3,32,-1
610133422976,1,7,7,72,57,16,98,1
610133422976,2,3,-3,3,36,6,88,-1
610133436582,0,6,2,23,10,16,105,2
610133436582,1,6,-2,38,-18,2,111,2
610133443995,-4,-7,6,15,-9,2,105,0
610133443995,2,-2,-1,-4,-12,-6,-22,1
610133458967,-4,2,1,54,-2,12,-13,1
610133458967,-6,-4,15,-1,18,4,-128,1
610133466445,-3,-1,8,-28,-6,-7,-128,1
610133466445,-1,-6,7,-34,15,-9,-119,1
610133482140,1,-4,3,94,-11,-8,-115,0
610133482140,0,-1,-5,-18,-12,-9,-128,-3
610133482923,0,2,-1,-13,-24,-2,-106,-2
610133482923,-4,6,1,-25,-1,10,-85,0
610133496496,1,-3,-10,-90,-7,-18,-64,-4
610133496496,20,-12,-18,-56,9,-12,-108,-17
610133503996,8,-4,-5,-25,-8,-2,-121,-11
610133503996,-2,0,11,-27,-11,0,-128,-4
610133518987,-8,9,-7,-2,-9,16,-37,1
610133518987,-10,4,-21,25,-76,-5,-111,5
610133526497,-4,0,-40,-26,78,-4,92,1
610133526497,-9,-3,5,8,-96,-3,-75,-6
610133542123,-3,-7,23,-21,84,10,127,-4
610133542123,-6,-10,5,-22,-51,-15,-29,-1
610133542895,-1,1,-12,-7,-2,-12,-48,0
610133542895,-4,0,-35,-36,-3,-8,-85,5
610133556451,6,2,-4,-36,-37,1,-121,-6
610133556451,-1,4,11,-47,9,9,-111,-1
610133572180,3,-3,20,6,-40,-5,-116,0
610133572180,2,-3,16,-1,5,-12,63,-2
610133578937,-4,-13,-17,-85,-2,-41,-3,0
610133578937,3,5,-3,73,54,2,127,2
610133586440,4,-12,24,-14,-24,3,24,4
610133586440,2,-6,0,25,37,4,63,-6
610133601453,5,7,-13,75,26,15,80,5
610133601453,-3,3,-24,28,23,19,127,9
610133609701,-2,1,-12,76,30,18,119,7
610133609701,2,-1,-12,97,-18,8,127,4
610133616582,-2,1,1,55,0,3,127,-3
610133616582,-5,0,-4,8,7,-13,-69,1
610133624163,-6,-7,-27,-18,-57,-32,-115,-8
610133624163,-7,0,-9,22,-6,-12,-123,-7
610133639047,-9,15,18,-41,-50,9,-113,-5
610133639047,-7,5,16,-99,-48,8,3,-8
610133646681,-7,5,23,-93,-8,6,21,-2
610133646681,-4,0,23,-53,1,4,53,1
610133661720,6,-12,8,-23,-1,-2,16,-1
610133661720,-1,-5,15,42,37,9,50,-2
610133669846,6,-3,8,46,17,11,52,1
610133669846,10,-3,1,28,40,11,50,4
610133676629,3,-3,-10,41,19,5,6,2
610133676629,-1,-1,-11,4,25,-4,31,6
610133684224,0,4,-5,52,9,6,27,-2
610133684224,-3,-9,-17,-7,-9,-14,17,4
610133699131,3,-2,-7,-13,-35,-7,-8,-4
610133699131,2,-5,3,-31,-5,-3,17,-3
610133706637,-3,-1,-2,-14,-13,2,7,-2
610133706637,0,1,5,-13,-2,4,7,-3
610133721504,1,-4,0,-26,-19,3,0,0
610133721504,2,-5,-3,-9,4,-1,14,-1
610133729946,0,2,0,1,-4,-6,3,-1
610133729946,-2,2,5,12,24,3,5,0
610133744737,0,-2,-2,29,12,0,-2,1
610133744737,4,0,0,-5,5,-3,4,-5
610133745534,-4,-4,-4,-47,5,-3,-1,-3
610133745534,0,-3,-3,-27,-6,-8,3,-1
610133759157,1,-3,1,30,-11,-3,-6,1
610133759157,-4,-1,4,-2,3,-6,2,6
610133766575,0,0,-2,14,0,-1,3,-1
610133766575,1,0,-12,21,-1,-4,4,-2
610133781524,-3,-5,8,28,12,-1,-5,0
610133781524,-3,1,-13,10,13,0,68,-6
610133789715,2,-3,-21,17,5,-5,22,1
610133789715,-6,3,9,-19,0,4,69,-2
610133804683,-5,1,-7,-21,-13,-10,-9,-3
610133804683,2,-3,23,-13,-17,-2,-120,1
610133805425,-3,2,15,-24,-10,11,-56,-2
610133805425,0,-2,6,-5,1,2,-15,-2
610133819008,-4,0,12,-24,-10,1,12,-1
610133819008,4,4,11,-18,-1,-1,-16,-5
610133826484,0,-1,12,-7,2,-2,-3,-1
610133826484,2,1,18,-34,10,5,3,-1
610133841536,0,3,1,29,6,5,108,-2
610133841536,-4,1,-8,12,15,4,127,2
610133849880,3,1,-19,53,17,0,127,-3
610133849880,3,1,-29,93,22,-11,127,6
610133864725,-3,2,-25,72,5,-1,118,0
610133864725,-7,1,-28,-25,-4,-8,85,0
610133865482,-2,4,-14,-54,-19,-6,-84,-2
610133865482,0,1,10,-37,-19,1,-98,-1
610133880600,2,1,13,-19,-24,10,-103,-4
610133880600,0,-4,8,13,-11,3,-128,-3
610133886623,-1,0,6,-61,-21,4,-77,-2
610133886623,0,-1,0,-50,-18,-3,-123,-3
610133901526,2,0,-5,-48,3,-3,-128,-1
610133901526,-1,0,7,-11,8,5,-99,1
610133909853,2,0,4,24,30,6,22,2
610133909853,-1,1,-12,30,15,-3,78,-1
610133924846,-3,-5,-4,18,27,-1,127,2
610133924846,0,-4,-3,43,23,2,127,3
610133925494,-7,-3,4,26,9,-5,111,-2
610133925494,-4,-5,-2,54,-20,-2,119,-1
610133939797,0,-3,8,14,112,10,30,0
610133939797,-5,-4,-10,-2,-47,-8,40,-1
610133946500,0,0,-2,3,60,-1,-40,-2
610133946500,1,1,2,-11,21,10,-64,1
610133961546,-5,2,-9,-12,-51,0,-122,-1
610133961546,1,-1,10,-16,3,0,-37,1
610133969821,-1,1,-7,11,37,2,-70,5
610133969821,-3,4,-1,9,-26,9,-44,-3
610133984820,0,-1,1,24,-39,-4,-32,0
610133984820,0,1,-9,4,-9,-7,-122,-3
610133985560,-1,2,11,28,-46,3,-71,-2
610133985560,2,-4,-7,4,16,0,-24,-1
610133999035,-3,-4,-28,-24,-15,-14,-45,2
610133999035,-4,0,-4,-38,7,-2,-43,-1
610134006511,0,-4,2,23,-9,-2,-8,-3
610134006511,-2,-7,-9,-16,15,-6,19,-1
610134021524,-2,-4,12,6,10,8,73,3
610134021524,3,8,16,37,7,22,-28,-7
610134029671,4,-3,12,41,-1,0,69,-2
610134029671,1,-5,18,0,13,6,80,0
610134044678,-2,-2,5,-27,-3,-2,-4,-3
610134044678,-3,-6,5,7,-6,3,91,-1
610134045456,-2,-5,2,-11,-23,-6,42,-5
610134045456,0,-1,5,20,6,4,-67,-2
610134059004,-2,-4,-9,3,-11,-5,-71,-3
610134059004,2,-2,-19,-15,-29,-5,-17,0
610134066527,-3,2,-14,0,-13,2,-61,3
610134066527,-2,-2,-5,-22,-12,-3,-67,-1
610134081522,-1,3,4,-35,-8,3,18,-4
610134081522,-1,-2,0,53,20,-1,-63,-2
610134089668,0,4,-3,-56,-1,-4,-33,-2
610134089668,-2,2,-6,-13,2,-7,17,-5
610134104670,1,-3,9,-18,4,-6,4,-1
610134104670,2,-6,-6,-42,19,7,24,2
610134105468,-3,-10,-2,-2,9,-2,86,1
610134105468,4,-5,1,7,16,0,22,-1
610134118983,2,-2,-6,14,7,-9,36,0
610134118983,-4,6,5,9,5,-2,48,-2
610134126625,3,1,-9,-8,-19,-9,23,1
610134126625,-3,-1,-12,-23,5,-1,-84,0
610134141664,0,1,5,11,1,6,8,-4
610134141664,-3,2,-5,-25,-18,1,-14,-3
610134149796,4,-2,-13,-10,-12,-3,-43,0
610134149796,-2,-2,11,14,-37,7,-19,2
610134164769,3,-6,-7,-1,-23,-5,-125,1
610134164769,0,0,-2,36,48,5,28,-4
610134165495,0,4,-3,52,44,12,-50,-1
610134165495,-2,1,-7,-45,48,0,35,-3
610134179066,1,-5,53,67,80,-8,15,-2
610134179066,-2,-3,-17,86,8,-10,80,0
610134186677,-3,-8,-14,20,36,-11,32,1
610134186677,4,2,4,-28,5,8,-105,-2
610134201633,1,-5,-27,14,6,-10,56,-1
610134201633,-4,2,22,-61,-3,-3,-31,0
610134209893,-5,10,25,-23,12,24,70,-2
610134209893,-2,-5,-5,31,-27,-16,7,4
610134224842,-2,-3,-8,-46,-60,7,-30,-1
610134224842,8,-4,0,-8,-10,-13,-1,4
610134225515,1,-10,-45,-17,-45,-36,-12,2
610134225515,4,0,17,37,24,-2,18,1
610134239096,-1,0,-7,29,-4,-4,90,0
610134239096,1,0,3,4,1,-15,26,-4
610134246620,-4,1,12,28,-9,-5,11,1
610134246620,-3,-3,-3,-22,-3,-20,15,-5
610134261702,-4,0,-7,-44,8,13,-83,-2
610134261702,0,1,-14,-53,-22,-10,-128,0
610134269950,-2,5,4,-12,40,3,-23,-1
610134269950,-2,-1,-11,-8,7,0,-18,-3
610134284667,0,5,1,-5,2,4,0,-4
610134284667,-5,2,-7,-57,28,-2,9,1
610134285477,5,-1,1,31,-19,1,-43,2
610134285477,-1,-2,2,57,-60,11,23,-4
610134299051,5,0,-3,-10,5,-8,40,-2
610134299051,1,-8,-11,16,16,-18,21,-2
610134306514,-3,-8,14,87,27,-2,67,-3
610134306514,-4,1,-5,-31,-52,-23,-25,-2
610134321534,1,-8,5,-1,1,-32,47,-2
610134321534,1,2,-3,21,-38,13,118,-2
610134329672,3,-2,2,-81,-55,-16,9,-2
610134329672,1,6,-11,-19,28,-5,-33,-3
610134344705,-2,0,-5,-20,-2,-1,-62,1
610134344705,-3,0,2,2,-40,-4,-5,2
610134345479,-2,-3,5,-6,-19,5,-35,-1
610134345479,0,3,4,11,20,18,35,-3
610134359125,-2,0,2,3,13,19,29,3
610134359125,0,-6,6,47,30,16,43,0
610134366730,-3,-4,-2,-14,80,-2,87,-3
610134366730,0,-4,3,41,58,-13,-63,2
610134381659,2,4,-1,-14,40,11,6,2
610134381659,-4,0,12,7,49,15,64,1
610134389883,-1,4,-9,42,6,10,97,-1
610134389883,-4,-3,-6,-20,13,0,71,1
610134404736,0,0,-13,22,-55,-10,12,1
610134404736,2,0,-7,19,45,1,40,-1
610134405476,-2,2,-3,32,4,0,-121,2
610134405476,4,1,-3,-12,-5,-8,-70,2
610134419176,-1,3,4,-27,11,1,-60,-1
610134419176,-3,-5,14,-45,-29,0,-128,-5
610134426629,-1,1,14,-42,16,32,18,-4
610134426629,-2,0,8,-19,-81,1,79,-4
610134441546,-1,-1,-1,-54,-47,0,-48,-6
610134441546,1,2,-4,-22,-20,11,3,-1
610134449777,-2,-6,-21,-123,-17,-39,-128,1
610134449777,-2,1,10,-25,-21,22,-19,1
610134464817,-6,-2,-5,47,2,6,3,-8
610134464817,-2,-5,-7,77,6,-3,-128,0
610134465605,0,3,7,19,-31,13,37,2
610134465605,-2,1,10,90,33,18,75,3
610134479106,-1,-2,13,117,-8,-1,24,1
610134479106,-2,-1,7,80,-19,9,127,1
610134486587,3,-1,-9,54,4,-8,127,-5
610134486587,1,-7,-46,31,-4,-26,45,-1
610134501554,-5,12,-10,9,21,43,127,-4
610134501554,3,4,41,100,-24,31,17,-1
610134509849,-2,-14,-14,35,-25,-21,-103,-4
610134509849,-4,-13,-1,-76,-15,-32,-64,-3
610134524694,-4,-10,3,-95,-28,-16,6,-4
610134524694,-3,10,-3,-128,-5,-1,-1,0
610134525451,-3,34,93,88,-31,71,-6,1
610134525451,1,23,22,-16,-1,63,39,3
610134539007,4,13,-3,-48,-12,-22,3,7
610134539007,5,50,57,-2,31,49,-32,1
610134546477,0,-18,8,-128,-17,-29,64,1
610134546477,0,-13,-36,23,29,-21,74,-2
610134561512,-5,-5,40,102,51,9,15,-3
610134561512,-3,-17,-11,-25,-11,-4,26,-5
610134569662,-3,-5,-33,99,-11,20,58,1
610134569662,3,16,-8,120,0,28,112,-3
610134584005,5,-25,-108,110,4,-35,20,5
610134584005,5,-11,-81,34,-17,-22,127,4
610134592221,6,-14,-82,95,40,-20,125,2
610134592221,0,-18,-65,78,17,-24,74,5
610134599052,2,-1,-20,42,38,14,1,3
610134599052,-3,-13,8,30,27,-23,-98,-2
610134606519,-4,-4,-21,54,26,-22,-128,-7
610134606519,-6,-26,100,28,2,-38,-128,-6
610134621626,-3,-12,69,-34,-28,-32,-98,-6
610134621626,-6,-14,-6,-64,-15,-34,-128,2
610134629807,0,9,99,-32,-70,-7,-128,-10
610134629807,-6,-8,1,-97,-72,-31,-128,-1
610134644193,-3,5,55,-99,-75,1,-127,-5
610134644193,0,1,24,-98,-51,-14,-128,-6
610134652379,-6,-4,35,-128,-39,-7,-112,1
610134652379,1,3,16,-128,-20,-7,-115,-3
610134667349,-1,7,22,-126,-4,5,8,-2
610134667349,-1,2,17,-25,11,-5,111,2
610134668043,5,-5,-49,-80,40,-11,127,5
610134668043,5,7,-29,64,39,1,121,1
610134681673,2,7,-28,42,38,-5,111,-3
610134681673,-1,11,22,81,39,15,118,-3
610134689841,2,10,-7,68,44,22,99,4
610134689841,5,2,-30,58,66,24,96,-4
610134704229,-1,-15,-58,12,34,-8,12,2
610134704229,-1,-17,-60,101,49,-16,82,2
610134712293,2,11,-16,-4,35,9,110,-1
610134712293,-2,7,17,-11,44,9,106,3
610134727367,-3,-8,-3,34,-31,2,-68,2
610134727367,-4,-18,-15,-2,-17,-11,-3,-2
610134727994,-6,11,55,49,17,10,54,-1
610134727994,-2,7,-4,38,-37,-1,-55,-3
610134741659,-1,27,40,60,17,18,117,-6
610134741659,0,7,13,-40,-64,-13,65,-3
610134749888,0,-2,69,-75,-12,-1,-15,-6
610134749888,-6,-5,58,-54,-27,-5,-50,-4
610134764199,-5,-2,54,-80,6,5,40,1
610134764199,3,-15,25,-30,28,9,2,-3
610134772455,-1,-38,12,12,-12,-16,-41,-5
610134772455,0,-7,-27,0,-7,-7,95,0
610134787207,-1,13,-98,59,-6,25,-50,1
610134787207,-2,-34,-77,-3,27,-18,-9,-1
610134787955,-5,-65,-116,-52,-56,-39,-74,2
610134787955,2,-10,-37,91,-46,-5,-128,1
610134801524,-4,-3,15,121,-31,-10,-66,-2
610134801524,-1,30,63,97,18,5,-52,-2
610134809726,-6,-35,-40,61,-103,-70,-110,-2
610134809726,-3,13,16,83,34,3,-77,1
610134824035,-8,23,39,-128,112,-1,-57,-1
610134824035,-7,-10,16,-100,13,-1,-128,-6
610134832239,-2,17,23,-97,75,27,-128,-5
610134832239,-1,8,20,-128,47,17,-8,-2
610134847334,1,-7,35,-61,-8,14,79,-8
610134847334,-4,-19,16,-118,-4,-12,78,-1
610134848021,6,42,41,-40,65,32,127,0
610134848021,-2,10,23,-96,-24,7,127,3
610134861700,7,-4,-2,6,5,-6,95,2
610134861700,4,16,-48,115,-53,-1,110,0
610134869841,2,13,-20,83,-26,12,127,-1
610134869841,3,4,9,40,-37,18,68,-1
610134884149,-4,-25,-38,81,-57,-25,60,-7
610134884149,-6,10,-22,127,-24,15,69,-2
610134892313,0,-17,-25,69,-58,-14,46,0
610134892313,2,-20,-10,77,-9,-12,15,-7
610134907337,3,-12,-43,66,14,-11,32,-1
610134907337,2,-6,-3,76,4,9,23,1
610134908062,5,9,1,59,12,21,19,-2
610134908062,1,-3,-28,10,-20,-10,1,2
610134921577,1,1,18,76,-15,5,18,1
610134921577,-4,-15,14,46,-11,-21,14,-1
610134929964,-3,2,-3,-29,-22,-17,64,1
610134929964,-8,5,26,-74,5,-2,-78,-5
610134944188,0,-10,-4,-50,-76,-3,-88,-1
610134944188,3,-2,15,-128,71,3,46,-1
610134952399,0,-10,-19,7,29,-32,-101,1
610134952399,3,-6,38,-97,55,-1,-52,3
610134967390,-1,-3,4,-107,36,9,18,0
610134967390,3,4,-4,-107,-7,-8,-83,-3
610134968054,-5,7,16,90,84,16,-59,0
610134968054,-2,-7,-39,-103,-53,-19,-26,-7
610134981759,-1,2,6,31,35,-5,27,-2
610134981759,3,2,-66,-25,-53,-1,-84,-5
610134989839,0,4,15,-119,19,16,-20,-1
610134989839,0,-7,-47,-18,-19,-12,-70,2
610135004039,-5,14,7,-81,10,1,51,0
610135004039,0,7,33,3,8,2,56,-3
610135012213,-3,-3,28,15,-39,-1,-11,1
610135012213,-1,1,21,-19,-50,5,74,0
610135042938,3,-8,-3,-48,-115,-5,33,0
610135042938,2,-15,-14,33,-7,-9,8,-1
610135044485,-2,-2,-36,93,-27,-11,-13,-4
610135044485,4,2,-33,113,6,-4,66,1
610135065355,-3,-2,-40,123,28,14,-7,0
610135065355,-2,-5,-71,74,32,-9,-54,-2
610135066967,0,5,35,109,8,16,48,1
610135066967,-2,-2,5,127,34,-2,32,0
610135086531,-1,-8,-4,87,8,-19,63,-1
610135086531,-1,2,0,84,4,-11,118,4
610135096988,-3,0,-50,-91,-20,-35,-52,-3
610135096988,-1,-6,28,125,2,-10,123,-4
610135118010,3,6,15,85,49,-12,-32,0
610135118010,-6,4,53,-75,-34,25,-58,3
610135119523,-4,-4,59,-85,47,42,-33,-1
610135119523,-2,2,53,-107,93,29,44,-6
610135139225,-1,-7,-50,-22,109,-31,-29,-3
610135139225,2,-5,46,68,-43,3,-27,1
610135148102,6,-8,-16,-49,-65,-15,-11,-7
610135148102,-1,-2,8,-94,-17,-18,-125,-6
610135170622,-1,4,29,-121,53,23,-51,-5
610135170622,-5,0,41,17,84,17,-128,-4
610135172018,3,7,34,42,79,16,-21,1
610135172018,2,6,50,18,89,40,72,1
610135178013,5,1,63,-117,-60,-20,38,-1
610135178013,3,1,-57,67,-27,-31,47,-3
610135179582,2,8,66,76,14,48,121,0
610135179582,0,9,-34,118,-112,63,71,1
610135200438,-4,-2,-32,-35,-95,40,9,-1
610135200438,-3,2,-63,-54,-52,-14,77,-3
610135202061,-5,8,-26,41,-28,8,92,-6
610135202061,-4,-2,-77,83,17,23,1,0
610135221603,-9,-5,-99,70,-113,-43,-56,3
610135221603,-1,5,-11,127,109,39,127,-1
610135230576,-1,-2,-63,109,-75,6,99,-2
610135230576,-3,-10,-49,-90,94,-77,69,-1
610135238057,-1,-19,7,19,-98,-45,40,0
610135238057,-1,-14,61,38,-102,12,-20,-4
610135239559,-7,-11,11,-128,-93,-38,-128,-5
610135239559,-2,2,82,45,48,21,-108,-4
610135244895,2,4,52,95,28,3,-97,-2
610135244895,-1,-3,12,13,83,-53,-128,1
610135245546,5,3,9,-70,79,9,-106,-3
610135245546,4,3,1,-54,-109,-15,-128,5
610135253030,6,8,5,-65,0,31,-16,1
610135253030,-1,4,-20,-128,-128,-9,41,4
610135254634,-1,7,-26,36,-19,-12,-74,2
610135254634,-1,-1,-55,-70,-72,-39,-86,1
610135267415,-1,2,-18,94,15,-11,60,1
610135267415,0,0,-21,-52,22,-31,-47,-1
610135268089,5,-8,-43,69,39,-16,-24,3
610135268089,0,-9,14,83,28,-1,70,-4
610135281532,2,-5,11,-38,17,24,82,-5
610135281532,-3,-3,-18,-31,-39,-17,48,0
610135289794,-11,-1,-53,-14,-44,-6,33,-6
610135289794,-2,-4,-29,-69,-35,-79,11,-4
610135304026,-1,4,-19,33,114,-74,-18,4
610135304026,1,0,22,-3,79,-16,-20,0
610135312281,-1,-4,-34,-32,-51,-65,58,-1
610135312281,-9,-8,-30,105,0,-28,-62,1
610135327172,-1,1,-2,127,-53,56,-41,0
610135327172,-3,-4,9,120,-51,42,52,-7
610135327937,-3,-4,23,0,20,-9,24,-1
610135327937,-2,-5,24,24,-38,1,-19,-5
610135341555,-4,-2,-2,-65,65,-1,68,-4
610135341555,-2,6,-33,-77,15,-10,12,0
610135349964,1,7,-30,-81,38,-30,-29,4
610135349964,3,4,-29,-94,40,-1,35,-1
610135364185,1,1,-6,-91,-43,12,-10,3
610135364185,0,-4,14,54,-1,0,11,0
610135372301,1,-5,28,14,-5,30,18,4
610135372301,0,-6,21,77,1,23,59,-5
610135387305,-4,-5,27,-15,26,-7,34,-2
610135387305,-4,-4,29,23,-75,0,-33,2
610135388069,-2,-2,14,112,4,-14,51,1
610135388069,2,6,10,-33,-98,8,53,5
610135401625,1,4,12,-12,-82,1,11,-4
610135401625,2,-1,8,-3,-38,-19,-68,0
610135409760,-2,-2,-8,67,-18,-12,61,3
610135409760,-1,-5,19,63,-25,23,-12,-5
610135424138,1,-5,8,85,56,-1,82,-2
610135424138,1,-2,16,76,-16,23,49,-5
610135432324,-4,-3,16,-51,-8,-51,70,-5
610135432324,-3,0,-19,-100,-53,-63,19,-1
610135447356,1,1,1,-3,-50,-15,31,4
610135447356,-4,4,-62,1,-2,23,64,3
610135447969,2,3,7,-34,-19,59,-1,-4
610135447969,-8,-1,0,-17,85,17,127,-2
610135461639,-2,-3,-7,-108,14,-58,7,0
610135461639,1,-5,2,-96,23,-48,10,-1
610135469926,-4,-10,35,53,-128,-53,40,-1
610135469926,-2,-3,86,-59,-92,15,42,-3
610135484105,-1,-5,-62,9,6,-13,40,-1
610135484105,-5,0,-98,-2,14,-21,127,0
610135492424,5,5,-14,-22,40,-65,-16,-2
610135492424,-3,7,-4,25,-9,1,-128,2
610135506702,-6,7,12,42,28,74,-38,-5
610135506702,-2,-3,37,57,117,55,36,-9
610135514756,-6,-8,-5,-62,36,23,-41,-6
610135514756,-2,-7,-5,-54,38,-24,14,-2
610135521715,3,-6,30,-105,-55,-21,-38,1
610135521715,4,-10,25,-49,-24,-32,-12,1
610135529926,3,0,1,4,20,-9,66,1
610135529926,4,4,-6,-8,16,-30,127,-4
610135544157,2,-1,-63,74,-45,31,36,3
610135544157,10,5,13,-72,1,-34,22,1
610135552281,0,14,9,-51,-41,-15,66,7
610135552281,-2,11,-30,1,62,-14,-89,-1
610135582932,-5,10,34,-16,3,-13,16,-7
610135582932,-5,7,7,89,-30,31,-19,-3
610135584506,-2,5,-12,125,-12,46,1,-2
610135584506,2,-4,-25,63,26,-14,-23,0
610135604047,0,-9,12,-20,45,-12,-128,-4
610135604047,3,-10,18,103,-90,-15,127,-1
610135613003,-2,-12,4,-32,93,-24,-83,-6
610135613003,0,-11,2,-4,7,9,80,-2
610135636047,-2,-8,5,-30,-48,-33,-17,-6
610135636047,-2,-3,-4,-62,19,-3,50,2
610135638502,0,-6,-12,-98,11,39,63,4
610135638502,1,4,-7,-49,-7,-8,16,7
610135656711,3,3,-7,-15,-23,-2,73,0
610135656711,-2,7,-5,-60,62,40,-6,-2
610135665603,-2,3,-14,1,-80,5,66,1
610135665603,2,1,-12,21,-25,8,-7,2
610135687982,-6,5,0,57,-22,52,38,-1
610135687982,-6,0,2,23,24,-15,-37,-5
610135689562,-4,2,0,88,61,-5,-28,-1
610135689562,-2,0,0,97,29,80,70,3
610135709887,0,-4,3,-20,44,38,40,-5
610135709887,-1,-7,-4,-44,-51,-15,-68,-4
610135719432,-3,-5,4,75,23,58,54,-7
610135719432,0,-5,-6,55,1,37,5,-6
610135720222,-5,-6,14,17,-10,-14,-34,-1
610135720222,0,-6,2,-55,14,-3,-55,-1
610135721038,-2,0,-6,-46,-2,-18,-5,1
610135721038,0,-1,2,-69,-30,-36,-18,-2
610135724840,1,0,3,10,16,-22,0,1
610135724840,-2,-3,7,-43,-32,-8,-34,1
610135725594,-1,1,-7,-39,-36,-8,-10,1
610135725594,0,1,-2,5,20,15,-42,-4
610135733179,0,2,3,-9,-23,-28,-30,1
610135733179,1,10,6,7,-7,7,-5,-3
610135734577,1,1,-1,73,20,-6,2,-3
610135734577,-2,-2,5,19,-46,-1,-19,-2
610135746695,2,1,1,15,16,12,60,0
610135746695,-5,3,-4,10,4,6,15,1
610135755630,0,1,0,-50,-9,-17,-23,0
610135755630,-1,1,-2,64,2,-18,-50,-3
610135769153,-1,-3,11,-47,-12,-54,-60,-3
610135769153,0,-5,3,78,7,-12,44,3
610135778118,1,2,8,97,4,51,116,1
610135778118,-2,-2,-12,81,-12,-50,-27,-4
610135784094,4,9,-8,-23,-5,-2,74,-2
610135784094,-3,-1,-7,-127,-10,14,81,0
610135793146,-1,2,-6,-8,-75,30,9,-2
610135793146,-2,-1,-14,-16,35,-25,-122,3
610135815470,-3,-6,2,57,36,-10,-12,-5
610135815470,-3,-7,-10,-56,9,-9,76,1
610135821687,-1,-9,20,-115,0,-6,32,-7
610135821687,-5,-5,14,-35,-29,19,120,-3
610135829085,-3,-4,-12,11,23,2,10,-5
610135829085,1,6,7,37,-14,-3,-37,-3
610135837992,-1,5,-2,27,1,-27,-122,1
610135837992,2,7,-20,-9,4,-9,27,6
610135844092,-1,4,8,3,8,-7,33,4
610135844092,1,3,-7,86,-13,12,19,-2
610135853026,-3,2,3,-9,40,27,47,-2
610135853026,-4,-4,-12,-30,11,47,46,-4
610135866576,0,-3,-4,24,-1,88,41,2
610135866576,1,-6,11,4,22,57,31,-2
610135875520,0,-8,-23,-101,-21,-27,114,0
610135875520,2,2,25,-54,21,20,0,3
610135889090,-2,-3,-24,-36,17,3,16,1
610135889090,-2,-1,-12,-25,-15,-51,-111,-6
610135898126,0,-6,0,-6,5,-34,13,-2
610135898126,1,-3,4,51,-17,-7,33,-5
610135913108,-3,-2,-10,-35,-29,-19,-14,0
610135913108,-4,2,-1,-24,16,8,8,-3
610135914511,-4,-2,-5,-68,13,-79,-128,-3
610135914511,0,1,5,32,-15,33,127,-3
610135926587,3,1,5,3,-5,-3,-26,-5
610135926587,-1,-5,1,63,-10,-6,10,-1
610135935594,7,-2,3,39,2,-7,-11,2
610135935594,0,2,30,-16,6,29,-27,2
610135949251,2,5,-7,25,-17,-6,20,-4
610135949251,-1,5,-16,4,11,-1,68,2
610135958171,-3,3,-11,57,2,46,18,-2
610135958171,-1,2,-6,-44,0,-24,-123,0
610135988035,-2,-2,12,68,-17,-8,39,1
610135988035,2,-4,-2,-67,-11,-21,7,0
610135989509,-3,3,-2,16,42,31,62,-3
610135989509,-3,0,-26,41,15,-8,19,1
610136011172,-9,2,-11,29,14,0,20,2
610136011172,-1,-1,-4,-14,16,13,5,5
610136012715,-3,-10,6,-61,-9,-1,49,0
610136012715,-1,-5,-10,-34,-18,-54,-98,-4
610136031691,3,-5,9,35,28,23,127,-2
610136031691,-6,-2,17,16,-11,-19,56,-1
610136040546,-5,-1,-2,23,-4,9,66,0
610136040546,-5,1,-3,-48,2,-14,0,-2
610136063079,2,6,-4,4,-8,-10,-83,2
610136063079,-1,4,2,34,0,-27,-19,2
610136064559,3,-1,-6,-18,-13,-8,87,4
610136064559,-3,-3,-2,0,20,14,58,2
610136085513,1,-5,-4,-2,-16,11,24,1
610136085513,1,-3,6,-5,15,16,-72,2
610136087010,1,-4,-6,58,-9,0,-38,2
610136087010,-1,-2,-1,16,-4,0,20,-1
610136106720,-8,-7,6,-24,0,-2,35,-3
610136106720,4,2,-17,-15,11,-12,-36,-2
610136124570,-2,2,-1,7,0,11,84,1
610136124570,4,2,5,-39,-1,1,72,-4
610136137945,1,3,25,-29,-8,-26,-114,5
610136137945,-1,-1,8,-6,9,-12,-14,2
610136139488,2,0,-9,-25,-3,-10,-20,-2
610136139488,-1,4,-1,65,-21,-2,53,-2
610136159035,-2,1,-17,89,3,15,85,-1
610136159035,-6,-3,-11,-10,11,5,-74,-6
610136168033,0,2,-8,20,7,-15,-53,-3
610136168033,2,-1,5,4,-18,33,63,0
610136190379,3,-3,10,-29,27,23,71,-1
610136190379,3,-2,-2,21,-6,5,-61,-1
610136191985,-3,4,-1,4,-7,-13,1,-4
610136191985,0,1,-17,36,1,-6,-32,5
610136212934,1,3,7,-48,2,0,-37,-2
610136212934,-1,-3,-2,58,-19,-2,65,-3
610136219060,-4,-3,8,-74,-4,18,-29,0
610136219060,-2,-6,-9,10,13,19,18,-4
610136242965,-3,-3,-4,32,-4,-4,-8,-1
610136242965,-6,-4,21,-33,-9,-28,-14,-5
610136244572,-9,-1,7,29,5,-18,-64,-4
610136244572,-3,-7,20,-27,-5,-21,9,-1
610136265453,0,-4,-12,95,-17,0,6,4
610136265453,-6,1,-25,-1,0,-9,71,0
610136267027,1,4,-16,83,-19,6,29,0
610136267027,-1,2,-10,-7,-1,-2,-39,-1
610136287464,-5,0,-22,-75,8,-16,-44,-3
610136287464,2,-3,0,78,-10,-8,69,2
610136294992,-1,-5,8,-4,21,12,25,4
610136294992,6,-3,0,-36,1,-15,-3,0
610136318134,-3,-9,7,-37,-9,-9,-52,1
610136318134,-4,-4,11,-6,15,2,-3,0
610136319544,-3,2,8,-1,0,2,-56,-2
610136319544,-1,1,-19,-68,-6,13,80,-1
610136340522,0,5,-8,-6,9,-13,20,6
610136340522,3,6,-4,-7,0,0,-43,-1
610136342067,3,-1,-5,-46,8,-15,4,3
610136342067,-2,-3,-12,55,2,1,20,2
610136361735,-2,1,-2,-7,-10,-9,-128,-3
610136361735,-4,0,-4,-32,-6,5,41,0
610136370596,-2,-6,-1,46,-2,19,79,-6
610136370596,-1,-6,7,-35,6,9,29,-4
610136393763,-2,1,-16,-62,10,3,59,-4
610136393763,4,1,5,-10,-12,14,-15,4
610136396046,1,1,4,-13,-8,4,13,-2
610136396046,-2,-3,2,25,-24,6,46,6
610136414087,1,-4,14,49,4,5,50,-3
610136414087,0,-4,-18,-50,4,6,65,-2
610136423116,2,3,-41,-86,-1,-3,57,-2
610136423116,-2,3,-23,33,-12,-22,-20,-5
610136445421,-2,-3,-21,68,-12,-35,-51,3
610136445421,0,-7,5,-3,3,3,-43,-1
610136447023,3,-12,9,90,3,-6,-64,2
610136447023,2,-10,27,22,10,0,-45,-5
610136467934,1,-6,21,-55,1,5,44,-6
610136467934,-5,-5,12,-9,8,-8,17,-2
610136469510,-7,2,12,9,-6,-5,-4,0
610136469510,-2,4,-16,16,13,-8,-59,-2
610136489722,2,8,-23,-7,-10,8,23,-1
610136489722,3,11,-15,38,-9,11,-22,-4
610136498051,1,3,-7,-20,-7,12,7,1
610136498051,3,3,1,-53,0,-7,7,2
610136520378,-1,-6,8,3,-1,-1,-15,-1
610136520378,-4,-2,6,12,0,11,49,-4
610136521964,0,-5,8,8,-7,-7,4,-1
610136521964,-6,-1,9,-8,-2,-2,16,0
610136542654,0,0,1,24,7,11,13,-2
610136542654,0,2,-4,-7,0,-8,-29,5
610136550543,0,-4,-2,34,-2,2,6,5
610136550543,1,1,-5,-6,2,-8,-6,1
610136564126,2,-3,7,-20,-7,3,-32,-3
610136564126,-1,-9,3,8,10,-2,-5,-1
610136573742,-2,-4,6,-6,-1,-2,-2,-2
610136573742,-8,-5,0,-2,-2,3,-12,-4
610136595374,-2,-3,-7,-27,2,6,15,3
610136595374,-2,2,10,-11,2,-10,-8,-4
610136596998,-1,1,11,-25,-6,-8,37,0
610136596998,-2,6,-5,39,-10,-6,45,2
610136616582,-3,-2,6,15,-2,0,7,-1
610136616582,1,-1,6,-58,-7,4,-3,0
610136625663,-1,6,-5,13,-1,0,20,0
610136625663,-3,0,-13,55,-1,-7,4,-5
610136633138,3,1,11,-67,7,-19,-9,-3
610136633138,-3,-2,19,13,10,-11,-7,-3
610136633715,3,-5,7,-8,3,1,-10,1
610136633715,0,-4,9,-47,6,6,-11,3
610136634442,-6,0,-8,3,-7,6,12,-1
610136634442,-4,-4,-13,-44,-21,-27,-76,1
610136640588,2,6,-9,-7,-4,-7,-18,-4
610136640588,-3,-1,-3,18,-2,8,-8,1
610136647320,2,4,-4,2,-2,-4,18,4
610136647320,2,-1,-4,6,8,6,16,-1
610136648009,3,3,-9,-9,1,6,-38,1
610136648009,0,-2,10,63,23,10,-7,0
610136655596,-6,-3,1,-29,-5,-15,16,1
610136655596,1,-4,0,52,2,9,39,0
610136657102,-2,-5,8,-4,-3,-13,-4,-6
610136657102,0,-2,11,-34,-12,-8,15,-1
610136662476,-4,-6,1,-73,12,27,25,-5
610136662476,-4,-4,1,-38,6,1,19,-3
610136663031,1,-4,1,60,7,14,72,-1
610136663031,0,3,-5,11,-15,-13,0,2
610136669864,2,5,-4,61,-7,0,-8,-1
610136669864,1,7,-6,-47,-7,6,27,1
610136670614,1,-1,7,-15,-3,12,8,0
610136670614,0,2,-1,-42,4,-1,28,1
610136678111,-2,1,0,21,-9,-6,24,-2
610136678111,-3,3,-1,-2,-6,2,36,-4
610136679523,-3,-1,-3,2,-12,-16,-25,0
610136679523,-1,-1,17,-10,5,-9,9,-9
610136684889,1,-8,-15,-13,14,-6,-21,1
610136684889,0,-4,-5,35,-10,1,7,2
610136685638,-5,-5,-10,-10,-6,-3,-8,-3
610136685638,-1,-3,2,-14,-11,-3,37,-3
610136692994,0,1,3,16,-8,-4,17,0
610136692994,-1,1,-4,14,2,0,-45,-3
610136693676,-2,-2,2,-3,-8,-18,-16,1
610136693676,2,2,-17,-29,2,21,-17,-2
610136715504,-2,2,23,24,-13,-5,-60,0
610136715504,-1,0,13,-32,-10,-12,-4,0
610136717071,-3,0,0,1,-11,-8,11,-2
610136717071,-3,-9,12,70,-9,3,-2,2
610136736746,-2,-3,30,40,-11,-21,-7,-1
610136736746,-3,2,6,70,-17,17,104,-5
610136745572,-4,1,6,-63,-7,-6,0,-3
610136745572,2,2,-23,-120,10,-19,-63,0
610136768060,0,4,-8,-85,3,-14,-4,1
610136768060,-3,-3,2,11,29,-5,-8,0
610136769560,-1,5,3,14,18,5,-11,0
610136769560,0,-5,2,39,-1,10,12,-2
610136789724,-1,-6,1,5,11,20,48,-8
610136789724,-1,-1,-6,-49,6,-2,-7,-5
610136798040,-4,-7,-19,-27,-22,-8,16,0
610136798040,-2,-3,12,-22,-5,-9,64,-2
610136819478,-3,3,-8,18,-3,-16,26,3
610136819478,-1,1,-7,8,-6,-10,-53,3
610136828067,5,3,-12,30,-5,8,2,-2
610136828067,-1,4,-2,5,8,9,6,2
610136850965,2,-2,-7,-4,3,2,38,-3
610136850965,2,-9,-11,-16,-25,-4,5,-2
610136853307,-2,-6,4,1,-2,3,3,-3
610136853307,0,-3,-2,28,9,-5,-1,-1
610136864060,0,0,1,34,15,-9,-14,-6
610136864060,-1,-4,4,5,10,-6,-14,-3
610136873061,-2,-5,11,-24,3,-8,12,0
610136873061,-1,0,4,45,9,8,22,0
610136896168,2,-3,-8,-39,-14,2,-7,2
610136896168,2,0,-1,2,15,-10,14,4
610136898568,-1,3,0,-30,18,-15,-44,-2
610136898568,2,6,-1,-47,-13,3,-13,5
610136917937,-3,5,0,-32,7,1,10,2
610136917937,-1,1,-5,-29,-4,3,-9,-1
610136919488,-1,-1,6,-22,11,8,11,1
610136919488,2,-4,-15,-35,4,-8,-36,-4
610136939095,-4,0,1,16,-16,-8,6,0
610136939095,3,5,-6,-5,-18,4,26,0
610136948126,2,6,-3,-5,-7,1,24,0
610136948126,-4,2,-9,-66,-16,-11,10,-2
610136971260,-3,-2,0,-17,-8,0,-81,2
610136971260,-2,-2,10,52,0,-1,-7,2
610136972818,-3,-10,5,69,6,-10,-6,-1
610136972818,-4,-8,10,76,2,-8,11,2
610136991790,-6,-5,6,76,12,5,26,-3
610136991790,-3,-6,6,37,-7,-8,23,-5
610137000543,-3,-3,-4,-6,3,1,15,-1
610137000543,-3,-3,49,29,8,-9,-64,-3
610137023035,4,-1,-15,-55,-13,1,20,-1
610137023035,1,4,4,62,4,6,-5,6
610137024577,-2,5,-1,-10,6,7,-26,1
610137024577,4,2,0,-22,7,32,10,-4
610137045574,-1,2,-19,-53,10,8,-29,-3
610137045574,-3,-7,15,-67,38,15,-69,-3
610137047055,-3,-6,17,-74,7,-3,-1,-4
610137047055,-6,-4,16,-104,4,-32,-40,3
610137066608,1,-1,13,79,17,4,31,-1
610137066608,-2,9,12,48,-25,8,103,-5
610137077137,2,18,-30,27,3,39,115,-2
610137077137,0,9,2,127,-10,34,29,-1
610137082425,-2,2,-22,71,-36,-39,-115,3
610137082425,-6,-2,1,97,14,-39,-23,-5
610137083166,-3,-6,-7,-75,-34,19,53,-1
610137083166,1,-11,11,-43,-7,-11,-26,-2
610137089859,1,-2,46,10,26,53,127,-2
610137089859,-1,-9,12,-11,-17,-13,-16,-2
610137090604,-2,-8,24,26,10,-43,-99,-2
610137090604,1,4,-3,-20,-18,-19,10,-1
610137098193,-8,1,9,-65,-15,4,86,0
610137098193,0,4,-36,-49,-7,-6,-7,1
610137099598,0,2,-12,-20,-5,-2,10,-1
610137099598,-3,1,-42,-13,0,1,6,0
610137104778,3,5,-24,-33,1,-6,-108,-5
610137104778,0,4,-9,-121,-13,11,-108,-2
610137105546,2,1,-13,-34,7,-9,-62,3
610137105546,-3,-1,-7,-5,35,-5,-57,-2
610137112922,-2,-11,4,-38,-4,12,8,-6
610137112922,-1,-9,52,-30,11,9,-42,-3
610137113680,-2,-8,56,-22,22,12,6,-4
610137113680,-3,-8,39,-3,7,11,21,2
610137119782,2,-8,9,-35,-9,-8,21,4
610137119782,-3,5,-30,-52,-6,21,57,1
610137120519,-2,4,-23,23,-52,-2,24,-3
610137120519,-2,14,-57,-91,-4,16,22,-3
610137127238,-4,12,-78,42,-19,10,-39,2
610137127238,1,7,-24,107,-14,0,7,4
610137128048,1,3,-10,55,-17,-1,1,0
610137128048,3,-6,22,59,4,1,4,-2
610137135398,-6,-11,34,71,-9,-6,4,-6
610137135398,0,-9,43,-9,-4,-3,4,-5
610137136992,1,-13,24,68,19,1,0,-6
610137136992,-1,-5,19,3,-3,5,13,3
610137142250,1,-1,25,0,4,-4,47,-1
610137142250,-1,-4,16,-28,10,-6,27,0
610137143022,1,1,-22,-57,2,-27,-9,1
610137143022,-3,-1,-30,6,-11,-9,97,-1
610137149730,0,5,-26,-54,-3,-22,-28,1
610137149730,-4,5,-48,-60,0,-8,-37,3
610137156509,0,4,-29,-3,-98,-32,-15,1
610137156509,3,-2,-14,-30,-79,8,-20,-1
610137172949,-4,1,6,-15,-41,2,-16,-4
610137172949,0,4,6,19,-46,6,-22,-3
610137174495,-6,-3,8,20,34,10,-3,-1
610137174495,-4,-8,10,36,6,-8,17,-5
610137210479,-1,-8,43,-12,31,-2,-34,0
610137210479,-1,-10,8,17,-12,18,112,0
610137212042,1,-8,16,-17,14,5,31,-2
610137212042,0,3,-21,-33,-3,-12,-39,-3
610137233648,-2,1,-10,54,-7,12,-25,-2
610137233648,-4,0,-28,41,12,-10,4,-2
610137236066,1,6,-42,-27,18,14,56,4
610137236066,-2,3,-40,33,-1,1,19,-2
610137254134,0,9,8,36,-23,5,61,4
610137254134,3,1,0,-44,-1,-18,-89,3
610137263046,-5,-2,14,85,17,-1,-40,-2
610137263046,0,-7,67,53,11,4,52,-3
610137285615,1,-4,-12,-8,9,1,-1,2
610137285615,-2,-7,26,27,11,13,1,-3
610137287098,1,-2,20,-51,11,18,48,0
610137287098,-3,-5,41,17,-3,-16,-11,-1
610137307458,1,-8,-10,52,5,8,85,-3
610137307458,0,-1,32,23,-4,-9,28,0
610137314783,-1,4,-38,-30,-20,-29,-26,-4
610137314783,-1,7,-80,-15,16,-15,-76,-3
610137338061,0,12,-77,-68,3,-1,-16,1
610137338061,-6,6,-85,-42,24,5,18,-3
610137339535,0,3,-20,83,24,-12,-86,-5
610137339535,3,-3,11,-28,15,26,61,2
610137360540,3,-11,61,53,8,18,65,-1
610137360540,-1,-11,54,76,-1,17,35,-5
610137362073,-1,-9,56,73,1,1,123,-7
610137362073,-3,-8,26,3,-23,-18,-26,-6
610137382425,-4,-2,22,82,14,-15,24,-4
610137382425,-1,-6,22,44,5,-12,78,-1
610137389144,0,-1,-3,27,5,10,-9,3
610137389144,2,6,-30,39,15,-8,-53,5
610137413608,-2,6,-44,-47,-3,-17,-91,-2
610137413608,-3,6,-53,-31,8,-16,-51,-2
610137416089,0,5,-23,-32,3,-2,-67,0
610137416089,-1,-4,-10,-13,-2,-5,36,-1
610137435529,-1,-3,20,-50,9,-14,-64,0
610137435529,1,3,13,12,-11,-4,9,-1
610137437103,-5,-1,19,-15,2,9,18,-1
610137437103,1,-3,21,18,23,-22,-83,1
610137456744,1,-3,12,7,7,-3,-4,-3
610137456744,3,-1,31,2,12,11,37,-1
610137465631,0,3,-18,25,-5,2,28,-3
610137465631,3,3,-30,18,7,-6,5,-6
610137488113,-2,5,-21,-10,-6,0,-41,1
610137488113,-4,1,-14,4,-28,4,-18,-1
610137489574,-5,-2,-3,-12,-4,-3,-53,-1
610137489574,-4,2,7,-3,-14,3,0,0
610137509922,-1,2,-1,-33,0,-9,8,-1
610137509922,-1,7,-18,-25,-2,-16,-49,1
610137518037,1,5,12,-1,-3,9,-18,-3
610137518037,-4,4,-4,-15,-2,17,4,-6
610137540422,-2,-5,0,14,-4,2,-10,-3
610137540422,0,-3,2,-37,-18,1,-34,-1
610137542036,0,-6,10,-36,-11,6,73,-4
610137542036,-2,-1,8,-47,32,-16,-41,2
610137562925,0,2,20,53,40,-11,-22,3
610137562925,1,-3,-3,34,32,2,-27,13
610137564531,7,-4,15,48,-7,0,-32,11
610137564531,1,-10,37,-2,-12,12,118,-3
610137584816,11,-6,37,37,-19,-3,10,7
610137584816,-3,-6,-20,11,-5,-3,-58,-1
610137592264,1,3,13,6,-1,-11,-3,-4
610137592264,-3,-5,-11,47,-7,4,18,1
610137592998,-4,-4,-28,-6,10,-5,90,-6
610137592998,0,10,-37,-17,11,-24,-87,1
610137600623,-4,6,-32,0,1,2,-82,2
610137600623,-2,9,-31,-15,-4,-3,-22,-5
610137607225,-2,-4,-19,-12,-10,1,-12,1
610137607225,0,-4,-8,-20,-13,-11,-77,-3
610137608028,-2,-12,7,-69,4,7,-15,2
610137608028,3,-1,32,-14,-9,-4,18,5
610137615447,0,-9,26,13,-9,3,28,2
610137615447,-2,-4,29,-16,4,-7,38,-2
610137617037,-2,-2,18,17,1,-1,22,2
610137617037,-1,0,-2,36,4,-16,-3,3
610137622226,-4,5,-3,0,-8,4,-11,-3
610137622226,-2,1,2,-14,7,8,83,-3
610137623016,-3,10,-15,-10,-4,-4,0,-2
610137623016,-5,5,-23,57,1,1,-89,0
610137629706,-4,5,-6,1,1,9,-27,-5
610137629706,-2,-4,5,15,2,10,26,-7
610137630514,-10,-10,-1,-2,-1,0,55,-10
610137630514,-4,-6,-1,-19,-3,2,0,-10
610137637957,-2,-4,5,-10,-4,2,65,-10
610137637957,-1,-5,7,31,5,-5,35,-5
610137639576,-3,-4,-8,-4,3,-6,-22,-4
610137639576,1,1,2,-18,-7,-5,45,1
610137644746,0,0,-3,-13,8,-13,-14,1
610137644746,1,1,5,-11,-10,4,-8,-3
610137645520,2,5,-1,-3,2,3,4,-3
610137645520,-5,-1,-3,9,-14,-16,-114,1
610137652212,-4,-2,16,14,-2,-4,18,1
610137652212,6,-1,-2,-9,-5,1,16,-3
610137659098,-5,-1,19,21,2,11,63,-2
610137659098,2,-1,-24,-18,-1,-3,52,-3
610137683027,-5,0,-20,-7,4,-12,-33,-7
610137683027,-5,1,-10,1,-1,0,66,-4
610137684555,-3,0,0,-2,3,-16,-5,-11
610137684555,-3,1,12,2,2,0,29,-4
610137689982,14,7,8,34,-4,-1,-9,18
610137689982,12,5,-5,-11,-3,0,17,16
610137696591,7,-8,24,-52,-2,-9,-34,12
610137696591,2,-10,47,-47,-11,1,23,3
610137728148,-1,-2,14,-11,-9,-5,29,-1
610137728148,-5,-1,-3,22,-14,-10,-22,2
610137729622,5,4,-25,65,-9,7,-17,-1
610137729622,3,-5,-4,3,5,15,74,-2
610137758142,-1,3,16,8,37,6,-5,4
610137758142,-5,-2,-4,-53,41,-4,16,0
610137759590,-5,1,-23,-10,14,3,97,1
610137759590,-4,3,-23,-18,40,18,-18,2
610137780612,-3,3,-5,-13,35,19,23,-4
610137780612,-6,5,-11,38,5,13,1,-6
610137782119,-5,-3,-8,-13,12,10,-31,1
610137782119,-2,2,-17,-1,-20,-4,10,3
610137787353,1,-5,-16,-20,-7,4,-32,-3
610137787353,-5,-8,12,26,8,-35,-17,-7
610137788109,0,-1,1,28,49,-3,-11,0
610137788109,-1,5,-7,83,-23,4,-38,0
610137795530,-5,0,-10,-71,-7,-24,-57,-3
610137795530,-1,2,-10,15,-9,-12,-1,0
610137797055,-1,8,-4,-14,-45,-14,-128,-1
610137797055,-4,-4,46,-15,26,-3,-18,0
610137809103,0,1,12,-27,-1,13,36,-6
610137809103,-1,0,22,33,3,29,-105,-2
610137818155,-3,-5,-5,41,24,0,-14,-2
610137818155,-1,-1,-14,-88,-27,-17,-84,-8
610137832512,-1,-4,-17,10,-14,3,-14,-4
610137832512,2,-6,-2,-76,-9,12,-53,-2
610137839275,1,-1,-13,-85,-7,-9,-31,1
610137839275,-6,-3,-20,-57,10,-10,-1,4
610137855511,-1,-3,-28,55,-16,6,95,2
610137855511,3,-4,-4,19,-16,-9,15,-2
610137857092,0,2,-23,33,0,-11,63,-2
610137857092,2,-2,12,28,21,13,79,-3
610137869125,-3,-6,3,-50,-48,-28,-5,-2
610137869125,-4,-1,6,22,6,0,121,-4
610137878061,-2,-2,17,3,-4,-4,31,-1
610137878061,2,10,1,14,9,1,-43,0
610137892275,-3,-1,7,26,34,15,-16,-1
610137892275,-2,2,16,-6,-14,7,6,-2
610137899062,2,-3,7,7,-16,8,-44,0
610137899062,-1,-4,-9,23,-24,25,36,0
610137915469,0,-1,-5,47,-15,-6,20,-4
610137915469,1,0,-16,-49,-20,-4,-128,4
610137917040,2,7,-19,35,-6,-8,47,0
610137917040,-2,-4,-9,-59,-15,-9,-78,0
610137929101,3,3,-27,-95,-19,-9,-43,1
610137929101,-1,5,-5,26,39,11,-31,3
610137938067,0,1,-3,-3,12,-2,-61,4
610137938067,-1,-1,3,39,-33,-30,11,1
610137952253,-3,-3,38,98,-2,-4,-10,0
610137952253,-1,-5,34,27,26,25,78,-3
610137959081,0,-10,60,-30,-66,-19,6,2
610137959081,0,1,26,90,22,3,76,-3
610137975449,-1,-4,9,70,-21,11,-30,1
610137975449,1,2,2,20,-16,-14,-7,-2
610137977022,0,-3,-3,1,-31,1,22,-5
610137977022,-1,-1,-4,-12,-12,-2,2,-1
610137989114,0,-3,-10,-85,72,7,55,-1
610137989114,-2,-2,-24,-34,-24,-4,37,1
610137998099,-2,0,-6,39,-3,-7,-30,1
610137998099,-1,0,3,-27,-1,12,26,3
610138027289,0,3,7,-24,18,4,18,-2
610138027289,-3,-2,3,-77,8,-5,-68,2
610138035603,-2,-2,7,-46,-5,14,13,-4
610138035603,4,0,-11,17,14,6,19,-2
610138058133,-4,-5,-9,-8,-40,-7,-17,-1
610138058133,-2,0,-19,-46,-22,-4,4,-2
610138059669,-1,-4,-17,-30,15,-7,-26,3
610138059669,1,-2,-22,-12,4,-15,-10,0
610138079968,-1,3,0,-50,-38,-4,-87,0
610138079968,0,2,62,16,33,6,76,-3
610138086600,-1,-1,-18,26,32,7,18,-2
610138086600,2,0,0,-1,9,-2,-75,-4
610138101843,5,-1,3,8,-60,-2,-14,-2
610138101843,0,1,-9,20,-85,-7,-5,-1
610138110563,2,2,11,-53,88,-3,-13,-5
610138110563,0,2,0,110,-12,8,-26,-2
610138133107,11,-7,2,-61,62,-13,-36,0
610138133107,63,-1,-20,10,13,-12,3,-6
610138134600,33,2,0,-35,-12,7,120,4
610138134600,96,-1,6,-18,31,1,-10,-2
610138139992,94,0,-18,47,-9,-10,19,22
610138139992,6,-14,-33,2,17,-1,-87,113
610138140609,-88,-34,-8,-31,-14,-11,-33,123
610138140609,-7,-1,43,-28,77,4,-85,36
610138147376,-115,2,33,68,-35,18,-55,-52
610138147376,-87,18,-8,-1,-4,16,127,-106
610138148145,-51,3,22,54,27,0,92,-116
610138148145,-128,-8,0,6,-32,-9,35,-95
610138156253,-43,-6,9,10,57,-4,120,-81
610138156253,-34,-4,38,20,11,-17,109,-86
610138158599,9,2,5,42,-26,-4,-13,-73
610138158599,2,1,-33,-43,-24,5,95,-55
610138169167,-43,-2,-19,-33,-49,3,96,-39
610138169167,53,-5,-7,-54,-12,1,14,-33
610138178191,36,4,-6,-64,-9,4,-10,-41
610138178191,39,-2,-5,60,-6,7,84,-23
610138192486,29,-7,-11,10,-22,-6,12,-7
610138192486,7,-8,-13,31,-13,0,-36,-14
610138199246,11,3,5,95,-26,1,23,-19
610138199246,-20,-9,0,78,-26,-20,37,-8
610138215627,-38,-1,5,-4,4,-1,-33,3
610138215627,-13,-4,16,85,-14,1,7,-8
610138217105,-6,4,6,10,15,9,25,-12
610138217105,71,8,4,23,36,4,4,0
610138229273,34,5,11,-11,30,-3,-16,0
610138229273,12,3,-10,-99,14,-2,19,-5
610138238125,-32,-4,-16,-5,55,-11,-1,-5
610138238125,15,3,-8,-96,11,8,-12,-1
610138252312,37,4,-21,35,2,8,7,0
610138252312,61,3,-14,40,31,7,6,-4
610138259034,54,4,0,-65,2,6,-18,-3
610138259034,-27,-6,16,-1,-18,-5,8,-1
610138275412,-2,-1,10,-10,8,-3,11,0
610138275412,-13,-5,5,-12,-37,-4,-5,-1
610138277014,-36,2,-6,26,-47,-1,-8,-4
610138277014,-17,4,-7,5,-40,1,14,-1
610138289049,-40,0,-3,9,-26,3,-1,1
610138289049,76,0,-12,-14,-18,-3,-11,-1
610138298093,34,-7,-7,11,-21,4,3,-3
610138298093,-93,1,-7,-29,-6,-7,7,-1
610138312316,-119,1,1,18,22,-4,-9,1
610138312316,-128,7,-9,14,7,-1,0,-2
610138319114,-82,3,-10,4,-8,3,5,-3
610138319114,-61,0,-3,-43,2,-2,0,0
610138334784,-9,2,3,24,0,0,-4,-1
610138334784,-66,-4,4,4,-1,-3,4,-2
610138341574,-19,0,7,10,-5,1,-1,-2
610138341574,33,1,6,31,6,-6,-3,-1
610138349081,-1,-3,-4,14,14,1,1,-1
610138349081,52,-4,-5,-10,13,4,0,-2
610138358093,70,0,24,23,4,-3,-5,-1
610138358093,41,-5,4,-6,-1,-2,2,-1
610138372299,26,1,9,8,7,0,2,-1
610138372299,28,-7,4,-11,-24,-3,-2,-1
610138379101,-3,-2,0,19,-17,3,-3,-2
610138379101,-3,-3,-5,-8,-1,3,2,-1
610138394791,57,-4,-7,6,1,1,-1,-1
610138394791,24,2,4,13,25,1,-3,-1
610138401602,-47,-3,-10,-56,18,-1,0,-2
610138401602,24,-1,-13,-47,29,4,1,-1
610138417965,2,0,-9,-47,15,0,-2,-1
610138417965,-25,-3,-11,-46,8,2,0,-1
610138419557,22,-2,-15,-6,-30,3,1,-1
610138419557,24,-1,-2,3,-41,-2,0,-1
610138432366,78,8,4,6,-23,-3,-2,-1
610138432366,68,-1,5,26,-12,-2,-1,-2
610138439083,-2,5,-8,-44,-23,1,-1,-1
610138439083,-59,-9,-24,52,-17,1,-1,-1
610138454796,-91,-3,9,-115,-98,-1,0,-1
610138454796,-47,-7,9,10,-42,2,0,96
610138461617,-4,8,11,-12,86,12,-2,116
610138461617,-16,-10,14,87,87,10,0,65
610138477608,-17,-8,5,84,56,10,0,27
610138477608,-94,-7,-10,87,123,1,-1,-26
610138485745,-12,4,-31,72,-119,-6,-1,-46
610138485745,-59,3,-15,6,19,-17,0,-104
610138492440,-23,-2,-11,44,-74,-20,-2,-72
610138492440,-14,3,-18,-13,52,-16,-1,14
610138499298,50,-10,4,22,35,-21,0,86
610138499298,80,-14,-18,29,52,17,-1,127
610138515021,99,-14,-48,119,26,9,-2,127
610138515021,65,-5,18,63,-40,-24,-1,113
610138521895,64,-19,49,-24,-100,22,-1,114
610138521895,18,2,86,-96,-104,-2,-1,74
610138538187,-57,3,122,-77,-8,4,-1,-88
610138538187,-61,-10,127,-34,-35,-20,-1,-120
610138539620,-110,14,78,-1,77,35,-1,-128
610138539620,-74,23,-83,-73,-67,-45,-1,-108
610138552503,20,52,-123,-48,-79,-13,-1,-3
610138552503,33,44,-128,-77,-33,-19,-1,18
610138559275,30,42,-123,29,5,-6,-1,28
610138559275,32,25,40,6,74,24,-1,52
610138574804,30,-28,99,-40,81,30,0,50
610138574804,-15,-57,122,-53,-21,42,-1,-2
610138581604,-16,-76,46,-16,-20,-84,-1,-22
610138581604,11,-50,29,96,12,35,0,-7
610138598036,3,-21,79,-96,27,81,-1,16
610138598036,9,-5,4,106,-37,-28,111,8
610138599621,19,-1,-78,30,-13,-81,-48,12
610138599621,6,18,-62,-3,-63,-17,-64,5
610138612517,-6,20,-72,-57,15,25,93,17
610138612517,-4,32,-59,-110,0,-21,25,5
610138619226,0,25,-20,0,-20,-4,-50,-7
610138619226,-12,5,23,-11,-50,3,-12,-11
610138635024,0,-12,-3,68,17,3,50,4
610138635024,14,-4,-64,77,35,-21,-87,3
610138641675,-4,-3,-66,-48,85,70,42,-1
610138641675,-1,-5,-23,-67,20,2,77,2
610138658128,7,-3,-22,47,62,-43,-113,15
610138658128,4,-3,3,-27,-37,21,-58,7
610138659618,-5,-1,34,-51,59,30,67,3
610138659618,0,-3,48,-11,83,-43,-98,5
610138672492,0,-2,5,14,9,-8,-43,8
610138672492,-3,-1,-11,57,-51,58,-12,-5
610138679262,-4,1,33,38,-119,0,-1,-13
610138679262,-1,0,1,27,-85,-2,-18,1
610138694826,-3,2,36,-23,-123,24,-92,-3
610138694826,4,8,66,-15,-112,11,-37,-2
610138701590,1,2,67,22,-90,1,-51,5
610138701590,10,3,-10,61,31,72,54,0
610138718003,-1,-2,-51,51,-33,-23,-60,-3
610138718003,0,-1,-12,-37,106,2,59,2
610138719550,3,1,-7,-36,99,7,88,-1
610138719550,-5,-1,-60,85,51,18,11,-9
610138731617,-1,7,43,113,70,106,82,0
610138731617,-6,-1,97,29,52,-33,-67,-4
610138740562,-7,-3,126,8,36,-74,-111,-1
610138740562,4,10,75,-128,-24,37,-128,4
610138754764,4,18,73,-128,-96,93,12,-1
610138754764,-2,22,115,28,-7,67,57,-7
610138761616,-11,-9,3,47,-13,-50,-10,-19
610138761616,-18,-19,-53,90,10,43,45,-22
610138785198,-27,-57,-127,127,44,-52,64,-31
610138785198,-49,-101,-128,29,-97,-118,10,-35
610138792233,-86,-108,-105,-12,95,42,2,-62
610138792233,-123,-122,-81,-110,42,23,64,-117
610138793020,17,52,-117,-106,90,-65,18,-11
610138793020,93,105,-128,-81,127,105,-25,97
610138800584,119,127,89,-112,18,127,28,95
610138800584,127,107,127,22,47,-28,32,122
610138814802,-4,-19,127,-111,57,-88,82,49
610138814802,-9,-61,-45,-128,-10,-62,85,36
610138821602,-5,-28,-128,-124,-22,-42,85,42
610138821602,-48,-1,-121,-128,-62,-68,88,3
610138837991,-27,58,49,-16,-34,5,-77,-13
610138837991,-10,14,122,90,-13,28,-63,-25
610138839554,25,16,29,127,-36,-7,-128,-20
610138839554,31,48,-50,127,-89,-12,-128,-32
610138852288,9,67,-128,115,-31,-39,-113,-54
610138852288,-47,-7,-96,114,-19,1,-92,-78
610138859058,-68,-74,-88,122,-49,-21,-106,-64
610138859058,-32,-64,-97,-102,-32,-8,-89,-5
610138866597,-5,-66,-86,-122,-11,7,-114,16
610138866597,2,-16,23,-117,9,2,6,4
610138881580,6,-20,77,-57,-8,27,93,12
610138881580,1,-30,127,-47,13,25,-59,36
610138889810,16,-34,65,-52,11,-13,47,25
610138889810,25,11,91,-92,5,9,67,11
610138896599,19,25,72,-128,2,16,59,8
610138896599,11,19,52,-128,4,-6,112,11
610138912345,-7,-29,66,-115,7,0,-29,7
610138912345,-16,-46,-113,-121,-17,24,-65,-7
610138919089,-17,-25,-121,-10,-27,21,-63,-1
610138919089,-25,-91,-32,86,-61,-109,-79,-24
610138934780,28,25,-14,127,-103,53,-114,16
610138934780,-9,10,39,117,-49,-23,-91,-10
610138941582,-9,9,48,100,72,-66,-91,-13
610138941582,-11,-26,50,101,79,-95,-54,-21
610138949795,4,-31,31,85,113,-12,103,-1
610138949795,6,21,37,71,126,52,89,-1
610138956645,0,48,127,62,109,88,76,2
610138956645,0,59,127,43,-16,127,97,4
610138972485,-79,-103,3,-111,-101,-78,-81,-65
610138972485,-34,42,-95,-104,17,-64,-24,-20
610138979283,11,76,-128,102,49,90,87,-9
610138979283,22,127,87,98,115,-102,127,-11
610138994844,-19,96,127,1,14,-71,108,-19
610138994844,-41,-12,-72,-51,-92,-105,71,-54
610139001662,13,77,-46,-63,-17,66,-16,-13
610139001662,-24,-84,-30,42,13,127,-93,13
610139009840,-10,-30,-125,31,-53,-64,-86,16
610139009840,3,-103,127,-49,36,-108,-28,43
610139016592,-9,-44,127,-3,-44,37,63,18
610139016592,64,107,100,102,55,127,-5,49
610139032265,62,109,127,-67,-50,121,-4,33
610139032265,16,60,24,74,-86,35,19,33
610139039110,-11,-56,-61,98,-128,-128,-1,14
610139039110,-40,-66,-90,-29,12,-128,24,-5
610139054805,-13,-89,-126,73,-76,114,86,-4
610139054805,43,41,-35,66,127,127,-4,-2
610139061689,-13,-30,-18,63,77,44,37,-29
610139061689,0,-11,-29,-128,-128,-48,-25,-36
610139069812,-48,-63,-65,-92,127,-128,15,-33
610139069812,-3,52,51,-80,109,-75,-53,-30
610139076602,11,82,-53,-62,-108,-95,23,-5
610139076602,12,54,35,-15,19,-3,-45,-6
610139092304,38,-3,-37,100,121,115,23,31
610139092304,4,-85,-97,77,53,127,6,19
610139099148,25,-62,13,-19,127,47,24,32
610139099148,24,-9,-81,114,97,-10,88,32
610139114806,11,6,30,127,4,-64,21,-5
610139114806,-18,1,8,56,-55,-100,29,-15
610139121662,-10,-25,71,-107,-87,-110,-5,-5
610139121662,-1,-32,25,-128,-45,-69,51,10
610139129805,6,-7,-75,-121,109,-79,50,13
610139129805,3,0,34,-106,8,-70,35,-7
610139136663,-8,-1,-126,-127,-9,-65,-17,-17
610139136663,-14,10,25,-128,-41,-37,9,-22
610139152323,-10,42,-103,-75,-5,-127,49,-11
610139152323,-9,43,-8,-59,-64,-93,31,-17
610139159121,-18,4,31,-84,-35,20,-114,-16
610139159121,-17,1,84,-53,-48,99,-115,-13
610139174857,2,6,127,-56,28,127,-72,11
610139174857,-1,-6,127,-29,-111,127,-94,12
610139181642,-10,4,55,-118,-55,111,-47,5
610139181642,-5,8,-49,-128,4,108,-18,-6
610139189794,6,19,40,-28,16,111,-66,-3
610139189794,19,-3,14,1,36,99,-113,0
610139196637,14,-1,16,112,127,62,23,-7
610139196637,1,-13,-105,127,-8,53,86,-15
610139212372,-5,-16,-45,116,41,118,127,-28
610139212372,-13,-13,-114,127,-50,127,127,-35
610139219116,-20,-10,-95,117,-26,21,-20,-43
610139219116,-14,-13,-8,93,127,-87,-77,-45
610139234812,0,13,51,88,-128,-128,-127,-47
610139234812,-14,12,-38,88,-29,-128,-128,-91
610139241608,18,21,50,-28,-126,-125,-73,90
610139241608,40,2,-5,-19,-45,-123,36,113
610139249103,46,12,-44,-43,39,-87,87,127
610139249103,37,-28,-106,26,-27,-51,127,98
610139258124,20,-31,-39,-80,-57,44,117,28
610139258124,15,-31,-87,-126,-83,40,61,5
610139272332,16,-9,112,-81,-78,127,69,20
610139272332,10,13,67,-51,-2,115,122,18
610139279101,-3,22,-27,47,87,-8,102,-20
610139279101,-7,12,-30,127,82,-3,123,4
610139294824,-24,-2,36,32,19,-127,127,-1
610139294824,-32,11,68,-23,-3,-38,-25,8
610139301610,-41,10,26,125,-58,53,-113,-76
610139301610,-43,24,48,70,-115,127,-127,-112
610139309089,-33,4,-64,110,-23,17,-128,-96
610139309089,-19,-7,-8,90,86,-74,-85,-36
610139324154,-9,-21,-42,-113,48,-67,-84,-16
610139324154,3,-10,-33,-101,24,-94,-37,-12
610139332328,7,-19,-37,-114,15,127,26,-6
610139332328,4,-20,-21,-78,34,5,54,-5
610139339137,11,-6,22,32,46,-76,4,-36
610139339137,7,-4,-18,-58,13,95,-7,12
610139354829,4,2,4,101,50,53,-14,38
610139354829,11,5,-2,-119,-42,100,12,50
610139361661,26,-5,10,-103,-109,-82,98,55
610139361661,14,-8,25,-16,-102,9,14,38
610139369119,13,-2,13,36,-45,-24,12,21
610139369119,12,0,-2,-66,46,57,-5,18
610139384170,8,-6,23,-38,-4,81,0,12
610139384170,5,-7,9,59,53,-28,37,6
610139392274,-1,3,15,-114,44,118,23,0
610139392274,1,11,-2,22,35,87,61,6
610139399148,-6,-2,1,62,59,127,91,28
610139399148,-9,4,-13,-51,27,81,65,2
610139414821,-13,4,-6,-37,-40,37,-53,-35
610139414821,-14,11,-3,35,-59,-46,-57,-51
610139421685,-18,11,7,-18,-48,-83,-73,-44
610139421685,-10,12,1,-7,-9,-114,-73,-26
610139429124,-9,1,-7,42,10,-128,-42,-12
610139429124,-3,-3,2,29,-33,-125,-67,-3
610139444072,-1,3,-3,-44,45,-82,-59,-8
610139444072,-5,-3,-9,46,14,-121,-47,-10
610139453099,-3,10,-2,-43,-3,-128,-33,-11
610139453099,-6,-4,-4,127,51,89,12,-6
610139459129,-4,-10,2,12,33,78,83,-2
610139459129,1,-2,-3,32,9,-71,35,7
610139475592,2,5,7,37,12,-94,-17,5
610139475592,1,8,11,-71,-50,9,-8,6
610139481599,5,9,5,114,-11,51,28,7
610139481599,1,8,-2,42,-18,127,7,10
610139496624,12,12,-17,-19,-44,89,8,11
610139496624,8,-8,16,-67,-17,54,-4,8
610139504091,7,-28,-13,3,-27,103,-3,9
610139504091,7,-33,-5,-86,8,81,-3,7
610139513129,6,-38,-17,-51,4,123,26,6
610139513129,8,-30,-5,16,3,110,42,9
610139519089,8,-14,15,-71,28,85,17,9
610139519089,5,-10,9,-32,2,27,79,16
610139535590,-1,0,9,-13,7,103,91,13
610139535590,-5,8,6,-17,-7,30,28,7
610139541619,-10,24,7,28,-11,-72,-28,-1
610139541619,-6,27,-1,97,-14,-53,-69,-6
610139556589,-3,21,3,34,-5,57,-100,-13
610139556589,-4,13,-6,-73,10,-128,16,-8
610139564112,-4,8,-8,60,-65,-64,-23,-15
610139564112,-11,6,-2,20,1,118,10,-20
610139573121,-6,0,6,-25,8,73,-13,-28
610139573121,-9,-7,-2,29,-18,75,-22,-21
610139579151,-4,-7,-5,-128,33,112,-8,-18
610139579151,2,-14,-1,-108,4,94,12,-6
610139595644,3,-14,-19,120,87,-97,31,9
610139595644,6,-6,12,13,-50,-98,-4,13
610139601597,7,-6,-11,-8,-22,-128,15,20
610139601597,5,-2,10,-22,-110,-38,17,17
610139616665,4,3,0,-56,-50,-82,20,10
610139616665,5,0,-14,-20,30,-8,20,12
610139624123,0,6,0,32,99,43,17,10
610139624123,-1,4,18,-68,72,21,25,10
610139633103,-2,1,4,56,-102,-29,13,1
610139633103,-2,6,-10,47,-4,34,-3,-7
610139639151,-3,4,6,-25,-18,-1,-11,-6
610139639151,-1,-3,-12,-23,-3,-51,-18,-9
610139655639,-6,-11,-17,-14,31,-73,-27,-13
610139655639,0,-6,-18,-16,44,-19,-28,-5
610139661664,-4,-9,-18,113,-38,15,-20,-8
610139661664,-4,3,-8,32,67,-17,2,-11
610139676644,-2,-2,6,-67,18,13,0,-5
610139676644,-2,-3,-11,-38,29,-7,-3,-5
610139684129,-2,2,17,17,21,-15,-3,-7
610139684129,-5,-2,-6,-25,-24,-49,-3,-3
610139693107,-3,-3,10,25,-18,14,-5,1
610139693107,-3,1,-7,82,-13,-11,-10,-1
610139699117,-1,-6,2,-21,-33,12,-6,2
610139699117,1,-1,-2,3,-24,-24,-1,1
610139715625,0,-1,2,65,37,30,1,5
610139715625,1,0,15,11,-8,50,-3,1
610139721692,-5,-1,28,-77,2,36,-5,-1
610139721692,-1,-2,-53,-6,9,19,2,0
610139736633,-2,-4,-25,-14,-20,29,-1,-5
610139736633,-1,-11,-11,-12,-40,-5,0,2
610139744131,0,1,10,9,-18,-68,-5,-4
610139744131,0,-12,16,12,-7,-10,-4,-1
610139753116,-2,-2,8,-42,6,-6,3,0
610139753116,1,3,7,-48,11,-29,-1,-3
610139759117,4,-1,-23,89,41,-26,4,-3
610139759117,0,7,-6,30,-14,-4,1,-3
610139775605,2,1,-5,-74,11,-53,0,1
610139775605,2,2,5,19,26,8,-1,-5
610139781587,-5,-3,-10,-2,-33,2,0,1
610139781587,-2,-1,1,-20,-41,-15,-3,-6
610139796600,-7,-2,9,2,-38,-12,-1,2
610139796600,-3,2,-4,43,22,33,-11,-3
610139812951,0,0,-16,5,-18,42,2,-2
610139812951,3,-3,-1,-26,-2,40,-5,-5
610139814577,-2,1,7,-41,5,18,0,-5
610139814577,1,-1,-4,-10,-15,56,1,-3
610139819105,-1,0,-7,2,17,51,-8,-2
610139819105,-1,1,9,-38,32,4,-4,3
610139835596,1,-1,3,48,17,24,-2,4
610139835596,0,6,0,-59,-27,-27,-13,1
610139841657,-1,-1,4,-20,-7,-30,-13,0
610139841657,0,4,-4,54,-35,-56,-10,-2
610139856608,4,0,-2,18,-1,-46,-3,0
610139856608,0,-6,-5,-3,1,-42,3,-4
610139864100,2,2,-7,90,20,0,4,3
610139864100,-3,-1,3,22,38,-4,5,0
610139879784,-2,1,0,-62,-28,29,14,1
610139879784,-2,-4,0,-2,21,-16,13,-4
610139880538,2,-1,-6,-59,9,5,11,4
610139880538,-1,-3,-1,45,35,17,5,-1
610139895602,-1,-2,-12,127,30,105,-6,-5
610139895602,-7,2,-3,60,-1,13,-8,-4
610139901635,1,-1,-5,42,-4,52,1,-3
610139901635,-1,2,1,-20,10,47,1,-2
610139916639,1,-6,10,-63,0,23,3,-3
610139916639,0,-3,2,-5,-11,57,2,2
610139924141,-5,-3,3,-27,-7,56,-4,-6
610139924141,3,3,0,-49,-18,18,-5,1
610139939797,0,4,4,-13,-25,-8,-13,5
610139939797,-2,-1,0,12,-35,-62,-15,1
610139940568,4,4,5,-31,-36,-38,-9,0
610139940568,-2,-3,-3,10,-21,1,-10,-1
610139985541,-5,-3,-2,18,-43,-3,-7,-3
610139985541,2,-2,-7,-27,-23,70,3,2
610139987089,-3,-2,-5,78,-24,-22,-5,-3
610139987089,0,-5,1,19,-17,-48,1,1
610140000483,1,-2,-3,67,-14,-41,5,1
610140000483,0,-2,9,48,2,-39,4,4
610140002107,-3,-2,6,-76,29,47,9,-3
610140002107,-1,-1,-13,36,20,-26,2,-2
610140014101,-4,-8,-19,127,-20,123,6,-2
610140014101,-1,-4,-12,-103,-49,54,63,-2
610140023121,6,2,9,-81,-128,-89,-5,-3
610140023121,-2,-3,7,-30,-83,-70,21,-3
610140038010,6,11,-20,-30,1,-85,21,2
610140038010,4,6,-28,19,54,-91,-2,-7
610140039566,-3,4,-8,49,127,-6,9,-3
610140039566,-1,5,-6,-82,121,114,14,-6
610140044775,1,-8,-1,-95,109,-65,-21,-9
610140044775,-3,1,6,-104,68,-25,-29,-2
610140045544,1,-12,-30,-37,-90,-92,-29,-6
610140045544,0,-1,-15,-20,91,-127,-37,-4
610140059767,-4,-2,-4,-8,-72,-46,-21,4
610140059767,-2,3,22,-11,122,-54,-16,-15
610140060540,-4,-3,35,-79,-43,63,6,1
610140060540,-4,1,16,-80,60,-87,-4,-16
610140076098,-8,-13,24,4,-13,1,-2,-7
610140076098,-3,-3,-10,127,-80,-41,-2,-8
610140081594,-10,-10,8,36,56,8,-9,-3
610140081594,1,-19,23,127,-69,63,0,-2
610140096673,-8,11,100,-70,36,-14,4,-3
610140096673,-2,-9,71,-55,-73,119,-10,-1
610140104138,-1,-1,-78,-21,-54,28,6,-9
610140104138,-5,0,-60,-40,-128,109,2,5
610140119811,5,0,-128,-111,-38,-106,4,-10
610140119811,-5,-13,-116,55,33,105,-6,5
610140120569,3,4,-107,81,-51,4,-3,-6
610140120569,1,-5,-89,97,26,68,-2,4
610140135627,8,5,-29,51,-38,52,1,7
610140135627,-2,3,103,22,20,-71,-10,12
610140141591,4,-6,108,-9,-50,-26,-2,16
610140141591,3,3,119,-92,-128,-91,-11,8
610140156654,1,-6,40,-4,-54,23,-10,5
610140156654,4,1,-48,-29,-25,-26,-8,4
610140164121,-2,-5,-67,127,67,121,-8,1
610140164121,-6,-6,24,51,-38,26,-5,-5
610140179821,-1,0,69,40,-56,-84,0,-6
610140179821,-1,10,13,-101,-58,89,34,-3
610140180565,-3,-7,19,-79,8,-22,42,-9
610140180565,-7,19,6,-11,127,-96,46,-15
610140195629,-16,3,-5,-63,11,-51,28,-11
610140195629,1,-7,-1,-26,-76,63,-4,-6
610140201658,3,8,-36,36,71,-96,-43,0
610140201658,1,-13,-105,127,17,-54,-71,-4
610140218128,0,6,-3,21,24,4,-66,-6
610140218128,-2,-8,35,42,48,-12,-33,2
610140224155,0,10,78,-128,15,50,6,0
610140224155,0,10,33,-102,107,105,19,0
610140239149,8,7,4,-128,102,-64,2,4
610140239149,4,10,7,-72,8,-128,-16,-1
610140246663,-1,-8,-30,-34,-87,-114,-26,2
610140246663,-3,-6,-14,84,-45,77,-12,5
610140262316,2,-6,-14,-59,-65,127,20,1
610140262316,-3,-5,-10,1,12,117,37,0
610140263059,-4,10,8,-50,26,11,37,2
610140263059,0,1,17,-121,-12,-91,35,2
610140276675,4,-15,-20,41,98,-13,21,4
610140276675,-2,-10,-39,-55,16,-55,8,4
610140284134,1,-10,-5,58,-56,56,-4,1
610140284134,2,-10,-16,50,46,17,-8,9
610140299141,-1,-1,-15,15,-61,21,-1,0
610140299141,0,-2,0,110,-55,-24,-9,-3
610140306631,2,1,15,53,-22,-2,-2,-1
610140306631,-1,-3,6,-59,-88,-31,3,1
610140322283,-1,-1,-14,-44,-107,12,1,-2
610140322283,-4,-1,-13,-18,27,90,1,-6
610140323046,-3,-2,-2,-53,-51,14,-1,1
610140323046,1,-1,2,-17,-53,-80,-5,-5
610140336622,-3,6,3,64,71,-67,-3,3
610140336622,-2,2,5,-2,52,-80,-3,6
610140344145,2,6,16,92,107,-62,-6,7
610140344145,2,9,25,-122,-14,8,-5,2
610140359161,-5,1,16,-53,67,59,-6,-4
610140359161,3,4,15,-14,-44,56,-16,-3
610140366633,-2,3,16,54,24,111,-4,-1
610140366633,-3,4,3,15,0,-27,-5,-2
610140382315,2,5,2,39,66,35,-2,-4
610140382315,-1,-4,-1,3,4,-44,4,-3
610140383098,0,-2,-3,-18,-62,-91,4,-1
610140383098,-5,-1,1,-61,5,23,-4,1
610140396649,2,-1,-1,-64,-54,-13,-6,2
610140396649,-2,3,-3,-21,43,-87,-10,1
610140404188,1,0,10,-12,-17,-12,-11,-1
610140404188,-1,-1,-20,72,20,-23,-9,2
610140419148,-4,-3,-22,50,-3,-10,-6,-1
610140419148,-3,0,9,-47,-37,-52,-8,-3
610140426637,-5,-7,-14,-67,-6,-26,6,-5
610140426637,-6,-5,-4,-52,-22,-63,4,-7
610140442310,-2,-2,1,9,-16,-114,8,-6
610140442310,-3,-5,-20,-16,-6,-115,5,-3
610140443059,-3,-1,-3,-87,57,-27,5,-7
610140443059,4,-1,3,66,0,71,10,3
610140456666,-2,-3,-5,42,-19,103,11,0
610140456666,0,-4,-2,-5,0,127,2,-2
610140464165,1,-2,17,77,9,91,2,-4
610140464165,-2,-1,8,29,-37,122,-2,5
610140479176,1,2,3,-75,-5,65,-9,-1
610140479176,4,4,0,-58,-32,-53,-8,0
610140486670,-2,-8,-10,-4,12,-88,-8,1
610140486670,0,-3,4,-83,17,-75,-11,3
610140502318,-1,-5,1,58,-2,-89,-11,-1
610140502318,-4,-6,-12,75,-30,-83,-3,6
610140503098,3,-2,-3,-15,20,-36,-1,0
610140503098,3,-4,6,5,-32,56,-1,-4
610140516620,-3,-4,-3,32,14,64,1,4
610140516620,5,6,-3,79,-36,58,9,1
610140524124,1,-2,-1,36,-9,69,9,1
610140524124,-2,-5,-9,84,6,79,11,3
610140539160,1,-5,-3,51,15,50,6,1
610140539160,-2,0,-6,38,-8,50,7,-3
610140546658,-3,0,-5,-26,-4,56,2,0
610140546658,-1,4,-11,24,-1,-5,2,-3
610140562345,-4,-5,-5,-54,-34,-41,3,-4
610140562345,-5,0,-10,-3,47,70,3,-3
610140563089,1,-1,-2,-65,-10,73,3,-1
610140563089,4,0,-5,-76,-22,47,7,-1
610140576678,0,5,3,-41,-24,102,3,3
610140576678,2,-3,-5,-31,-7,94,-9,0
610140584151,-1,3,9,24,7,95,-3,3
610140584151,0,3,13,-22,-37,107,-7,-1
610140615534,4,2,6,33,-27,24,-7,0
610140615534,1,-2,19,-34,16,-48,-4,-2
610140617131,1,-2,5,-103,-28,-34,-13,2
610140617131,-1,-3,14,48,-2,-19,-23,-5
610140636678,1,0,6,-45,-39,-104,-16,2
610140636678,1,8,7,58,8,-75,-13,2
610140645604,-6,0,4,18,15,-125,-6,3
610140645604,-3,1,-3,24,39,-89,-2,2
610140652977,-1,-5,6,34,63,-25,-2,0
610140652977,-3,-1,5,-55,15,-29,6,-8
610140653756,-1,-2,-17,-30,-6,-20,6,-4
610140653756,-2,-1,1,-60,-13,-22,7,0
610140659109,0,-2,4,-63,34,11,10,-2
610140659109,-5,0,-9,9,-34,-1,1,-1
610140666664,3,0,-9,46,2,-68,10,-3
610140666664,-1,-3,-3,-110,-35,107,3,-1
610140682292,1,-4,-6,13,-23,41,7,0
610140682292,1,-5,-7,-63,-29,73,6,-1
610140683049,-1,2,6,43,39,21,1,-3
610140683049,1,-1,-2,71,22,54,1,-1
610140696619,-1,-1,1,-32,27,90,-2,-2
610140696619,-3,-3,3,41,-54,-37,-4,0
610140704119,-4,-5,2,7,-36,-90,-12,-2
610140704119,1,0,-6,-47,19,-4,-1,1
610140734855,-4,2,-1,99,-21,-46,0,0
610140734855,1,2,2,-77,2,-33,-10,-3
610140741629,3,4,-7,-7,14,122,-17,-1
610140741629,0,-5,0,125,-15,-47,-12,-1
610140765524,-3,3,-6,-55,-73,-62,-17,-3
610140765524,2,-1,-3,-27,79,-28,-6,2
610140767117,-4,-3,7,-42,17,87,15,-1
610140767117,-1,2,2,16,-43,-24,11,0
610140787977,0,2,-4,8,21,-39,17,-1
610140787977,-4,-3,1,-3,-47,81,14,-2
610140789608,2,1,2,10,-4,-50,8,0
610140789608,-2,-3,-8,-93,-35,51,4,-4
610140810542,-2,-1,-7,-39,16,57,-3,-2
610140810542,-2,-3,-8,-57,-3,19,-10,-2
610140812129,-1,-3,-1,25,23,-77,-7,1
610140812129,2,1,-3,-11,71,16,-1,-2
610140831650,-5,-2,2,48,26,17,0,0
610140831650,1,1,5,96,18,72,-2,2
610140842168,2,0,9,75,21,106,-2,1
610140842168,-4,2,7,2,12,30,-15,1
610140862983,-1,-3,-4,21,12,-64,-14,-3
610140862983,4,-1,3,-34,-4,-37,-1,-1
610140864562,-3,-5,-1,-22,5,-38,-6,-3
610140864562,-4,-7,-1,-56,8,-90,-9,-1
610140884865,-2,-3,-6,11,34,-38,11,3
610140884865,-4,-9,4,-45,-12,-40,5,-10
610140891635,0,0,2,-46,-48,-30,1,-3
610140891635,0,-3,0,25,-17,-58,13,-4
610140906626,-2,-2,1,2,-59,35,2,-5
610140906626,-6,-3,1,28,-15,14,-2,1
610140915650,-3,2,-3,-96,-38,66,0,-2
610140915650,-2,-1,-3,-73,3,72,-11,-6
610140938678,1,2,6,-13,16,29,-14,-3
610140938678,-2,-4,-9,115,9,11,1,2
610140941135,-1,-4,-3,29,5,-12,1,2
610140941135,-4,2,-1,-26,5,-55,-1,-5
610140959155,-3,-3,-6,83,-6,62,9,-2
610140959155,-3,1,-6,38,-6,-31,6,3
610140968157,1,-7,-3,-56,-20,-49,-6,-1
610140968157,2,2,-3,38,-27,-67,4,-2
610140990520,3,0,-5,-84,11,-7,5,3
610140990520,3,0,-4,-18,-13,82,5,2
610140992131,-1,2,-10,41,28,80,-4,-3
610140992131,2,-2,11,127,8,108,3,0
610141013004,-3,-2,1,-34,-38,127,-3,3
610141013004,2,2,3,50,17,105,-6,-1
610141019172,-2,-6,0,42,13,-28,-5,-2
610141019172,4,0,-1,-72,3,-40,-3,2
610141043069,-2,-1,5,-77,-59,-90,-2,-2
610141043069,0,-5,13,-62,19,-128,-7,-5
610141044609,-2,-3,13,-48,-2,0,-9,-1
610141044609,-1,-2,0,-78,-65,11,-6,-4
610141065531,0,-2,-3,-15,7,23,2,-3
610141065531,-2,3,2,-4,0,-41,0,0
610141067060,-1,2,6,-24,-12,88,10,-5
610141067060,-5,-3,-20,-10,13,-28,-5,1
610141087379,-1,-2,8,70,13,33,-8,0
610141087379,2,0,-27,32,-5,55,-8,0
610141094879,-1,2,-19,-20,-1,20,-4,-4
610141094879,0,-1,-14,19,26,17,4,4
610141118040,2,0,6,23,47,14,-3,-3
610141118040,-5,0,6,56,20,-19,0,-1
610141119587,-2,-2,6,-35,-1,30,-8,1
610141119587,2,2,9,-58,34,-48,-5,2
610141140565,3,-2,-9,-18,-10,-103,-3,0
610141140565,1,-1,-1,10,-39,-24,-1,0
610141142148,-1,-5,0,67,-33,-41,8,2
610141142148,-2,-3,9,27,-2,-22,-3,1
610141161679,0,-2,6,6,7,10,-2,-5
610141161679,0,2,-12,-51,-18,62,-3,0
610141170652,2,-3,6,19,5,44,1,5
610141170652,-1,-6,3,94,1,21,4,-2
610141193712,-6,-3,-8,-27,10,-21,-4,-3
610141193712,-3,0,1,0,5,-92,-7,-3
610141196149,-1,-2,1,-19,2,-38,-6,-2
610141196149,1,-2,1,-57,-4,23,0,-6
610141214864,2,-2,1,-47,-34,-13,-6,2
610141214864,0,2,4,-26,-29,34,-1,-3
610141221651,-1,0,0,-23,-47,-33,4,-5
610141221651,-2,1,-7,-36,4,-11,8,-3
610141245528,1,4,-4,-51,-17,-82,11,1
610141245528,-1,-4,-1,-9,10,-13,4,-3
610141247126,-3,2,-7,6,-25,-32,-2,-2
610141247126,-2,-2,3,71,-20,39,-2,1
610141268129,-3,-2,0,20,11,94,-9,-2
610141268129,1,-4,2,46,-22,91,-7,-1
610141269673,0,-1,-6,15,21,-21,-3,-5
610141269673,-2,-4,13,67,54,-39,-2,-5
610141289968,4,-3,4,86,25,50,-2,-5
610141289968,-2,1,0,-81,12,-3,9,1
610141298189,3,-1,11,24,-2,-5,1,2
610141298189,-1,0,-3,-88,-48,-21,4,2
610141320681,-1,-2,-3,-48,-7,-4,1,1
610141320681,-2,1,3,-68,4,-3,1,-2
610141322133,-7,-2,-6,-58,29,-19,-6,0
610141322133,0,-1,1,-52,-11,-12,-1,-4
610141341786,1,-1,0,-19,25,-44,-8,1
610141341786,-3,1,-3,17,-17,19,-2,-1
610141350690,-3,0,-2,54,-2,-21,-3,2
610141350690,-3,0,1,6,16,9,-7,0
610141364382,1,-4,-6,-10,49,-14,-7,-5
610141364382,-5,1,-5,-19,38,43,-7,-1
610141374006,0,-1,2,-23,7,26,-6,-3
610141374006,0,0,-3,15,-8,18,-3,-3
610141395534,-3,-1,2,10,-31,-23,1,-1
610141395534,-2,-6,0,-45,-40,6,-1,0
610141397145,-5,2,-1,-119,-19,48,5,2
610141397145,1,-4,5,14,-37,15,7,-1
610141417912,-4,-3,1,-46,-33,60,6,1
610141417912,0,1,-8,19,-52,0,8,1
610141424209,-3,-7,-7,83,27,22,11,-1
610141424209,-3,3,-1,7,8,45,0,-1
610141439240,-2,1,-3,-2,-9,0,1,1
610141439240,1,0,2,56,-13,-48,-1,-2
610141454291,3,2,3,-76,-43,33,-5,-3
610141454291,4,2,-2,-16,-31,39,3,-1
610141470608,-1,-1,-11,24,3,-74,-7,-8
610141470608,-5,0,1,-52,38,7,-3,-5
610141472190,0,3,0,-8,0,-33,-8,-1
610141472190,1,2,-7,-4,7,-36,-2,0
610141493871,-2,-3,5,2,-40,-37,3,-2
610141493871,-3,-2,-1,39,25,0,-1,0
610141496172,-2,2,1,20,-12,16,-3,-7
610141496172,-4,1,0,32,11,3,-5,-2
610141514329,-1,2,-4,38,-21,-32,2,-5
610141514329,2,-2,0,36,44,-16,-5,-2
610141523142,3,1,2,49,-9,-21,1,-1
610141523142,-2,-3,-1,31,-5,-38,0,0
610141545570,-3,0,-1,-19,-10,25,1,2
610141545570,-1,-5,6,-52,-21,-8,7,1
610141547192,0,0,-4,-19,6,-13,-2,-2
610141547192,-2,-3,1,-37,0,18,-2,1
610141568219,2,1,-3,-20,4,27,3,0
610141568219,-2,-2,-3,14,2,-5,-3,1
610141569713,0,-4,3,28,16,-12,-3,-2
610141569713,2,-4,2,-25,13,-7,-3,2
610141590059,2,-3,3,27,-5,-18,-3,2
610141590059,-4,-1,0,3,-19,-23,-8,0
610141598172,1,0,-4,4,9,-10,-6,4
610141598172,0,-1,-1,47,0,-28,-9,0
610141620625,-3,2,4,12,-2,12,1,-4
610141620625,2,-2,0,-22,-11,20,-5,-3
610141622179,-1,-5,2,7,-10,1,-2,0
610141622179,1,2,-1,27,7,7,-6,-1
610141643076,-2,0,-3,-13,-4,14,-2,1
610141643076,-1,-2,2,-11,-8,1,0,-4
610141644656,-5,-2,-4,0,-3,23,8,1
610141644656,-5,-2,2,11,0,1,0,-4
610141650697,-2,-2,0,-18,-8,-6,-3,2
610141650697,-4,-1,-4,-1,-10,-44,3,-4
610141652179,2,3,-4,3,4,-44,7,-1
610141652179,-5,-3,0,-9,-2,0,7,-4
610141657365,-4,-8,-1,5,3,9,2,0
610141657365,2,2,-5,20,8,-5,2,0
610141658098,0,-3,-3,2,-10,3,1,-2
610141658098,-2,4,-5,-5,-3,2,2,-2
610141664834,5,3,1,2,-4,-9,2,-4
610141664834,1,-5,0,2,1,-16,-7,-1
610141665629,-2,-2,4,16,3,-39,-6,-1
610141665629,-2,-5,1,9,-2,-11,1,2
610141673030,-1,-3,-3,-12,-4,-3,-8,-5
610141673030,0,1,3,32,-6,-8,-3,-1
610141674571,-4,0,-2,19,-10,12,-4,0
610141674571,-4,0,3,22,5,-5,-2,-4
610141679796,-2,-1,3,11,3,3,0,3
610141679796,-2,-3,-1,-4,-3,16,6,-4
610141680581,1,-2,-6,-17,-1,12,1,-1
610141680581,4,-1,-3,4,0,-10,1,1
610141687291,-2,1,-4,0,3,-6,3,-5
610141687291,-1,-4,4,2,6,-5,1,-3
610141688096,-3,1,-4,1,-3,-5,4,2
610141688096,-1,0,-3,4,6,-5,3,1
610141695518,-1,0,-5,-2,5,-2,5,0
610141695518,0,-1,-1,8,-2,4,-4,2
610141697111,3,-5,-2,-5,5,12,-4,-8
610141697111,-3,-2,-2,4,-11,10,-6,-2
610141702303,-1,5,5,72,4,-47,-3,0
610141702303,-2,4,-5,0,4,-17,-3,-5
610141703088,-4,-1,0,80,1,-48,1,0
610141703088,2,2,0,4,-2,-17,0,-3
610141709803,-1,-5,0,-46,-2,32,0,-1
610141709803,-6,-4,-2,-95,2,56,-4,0
610141710590,0,-5,0,-32,-28,32,-2,2
610141710590,5,-1,-2,14,-12,-8,-4,-1
610141718007,0,0,-13,-37,13,5,0,-2
610141718007,0,-3,-1,4,-14,-25,2,2
610141719593,-3,-1,-14,-16,15,-31,0,1
610141719593,-3,-8,-1,-12,-16,56,-2,-2
610141724807,0,-4,-2,32,-7,87,2,3
610141724807,5,4,-2,-15,5,-21,-1,-4
610141725610,-2,12,2,-10,8,18,-6,-2
610141725610,-2,4,-5,26,28,-32,-10,4
610141732987,-2,0,2,55,-18,-44,-4,1
610141732987,-2,-2,3,65,-14,-2,3,6
610141733736,2,-6,0,-54,-8,35,12,-5
610141733736,1,0,0,-11,14,-42,9,-2
610141739846,0,-1,1,-71,-2,-6,5,-1
610141739846,-4,-5,2,-15,-5,36,3,-1
610141740657,0,-2,5,-29,-5,41,6,-7
610141740657,-6,-1,-2,-24,11,29,6,1
610141756835,0,-3,-2,-1,4,-5,1,-3
610141756835,-2,-1,-10,57,-9,-3,-4,0
610141757611,-2,-4,2,7,2,-14,-12,-3
610141757611,4,-2,-3,38,0,-19,-9,-8
610141758425,-4,-4,0,-45,-15,-17,-4,-4
610141758425,-3,-5,-6,-11,7,-42,4,-3
610141762303,-5,0,0,42,7,-22,1,-1
610141762303,2,-1,-3,-22,8,7,-5,-2
610141763095,-3,1,-1,23,5,-31,-7,-5
610141763095,2,3,-1,-6,20,20,-13,0
610141769914,0,1,2,7,13,-50,-5,-1
610141769914,-7,-1,4,10,-6,-32,1,-4
610141784806,-1,10,0,9,2,-7,-4,0
610141784806,-6,-7,2,-36,-7,-25,-1,-2
610141785587,0,5,2,-7,-19,18,2,2
610141785587,-1,-5,-3,8,19,8,2,-1
610141799179,1,-6,-3,5,-17,-18,1,-4
610141799179,-4,2,-4,1,-1,33,-1,0
610141806662,2,0,1,-16,-1,18,0,4
610141806662,-3,0,-4,5,-10,-24,0,4
610141821723,0,3,6,0,17,-1,1,3
610141821723,1,-1,1,-4,11,-8,4,0
610141829856,1,-2,-8,16,4,0,-1,2
610141829856,-1,1,4,19,-9,68,0,-2
610141844876,-2,-4,-3,-1,2,76,1,1
610141844876,2,0,-7,6,-5,-34,2,1
610141845607,-3,-2,1,8,3,13,3,-5
610141845607,1,-1,-5,-21,-13,3,5,0
610141859185,1,-2,-1,40,7,-25,-4,4
610141859185,1,-4,0,-2,-6,-9,-1,-3
610141866761,3,1,-3,8,38,-8,6,-4
610141866761,1,-1,5,35,11,-28,-5,-2
610141897542,-1,-3,0,61,-5,-103,4,-1
610141897542,-2,-1,1,21,1,-58,-12,-1
610141904366,-3,-1,-2,-21,-2,43,-5,2
610141904366,1,-6,-3,-27,0,20,-9,2
610141928124,0,-3,-1,-41,-9,10,-2,2
610141928124,1,3,-1,-9,-13,36,1,2
610141929611,-4,4,7,16,-8,-20,5,-5
610141929611,-6,1,0,45,-29,-62,-4,-3
610141950599,2,1,1,-114,-17,-15,-4,-2
610141950599,-4,-2,0,2,-4,-63,-4,-2
610141956877,6,-6,-6,14,-73,-62,-6,3
610141956877,1,3,3,-57,24,-14,10,-5
610141971773,-1,-7,-6,-51,20,41,7,-6
610141971773,2,6,2,37,61,-4,17,-5
610141980808,-2,0,-2,2,13,31,-3,-3
610141980808,-2,-5,-1,-128,-20,-31,-9,-1
610142003097,-2,6,4,-6,24,54,-18,-2
610142003097,2,1,1,-65,-32,84,-32,-3
610142004643,-3,1,1,-16,-14,-43,-30,1
610142004643,1,-1,-11,0,20,-50,-12,-3
610142025707,-1,3,-1,-20,30,-123,1,2
610142025707,1,-9,-6,-23,-49,-68,19,5
610142027207,0,2,0,73,0,-61,17,0
610142027207,0,-3,-7,80,13,-78,29,2
610142033135,1,-1,-6,-25,-68,111,40,-5
610142033135,1,-1,-14,0,-3,30,2,-2
610142034697,-2,-8,-3,-72,59,106,21,-1
610142034697,-3,1,2,-33,42,-14,17,-2
610142039878,-6,1,-5,64,22,16,-16,-1
610142039878,-5,-2,8,-48,-39,57,1,-2
610142040635,0,-4,3,34,3,19,-7,2
610142040635,-1,-5,-1,-41,-34,91,-4,3
610142047361,7,4,-2,-44,-21,78,-8,0
610142047361,-5,-2,5,-1,12,-99,5,0
610142048199,-3,-4,5,96,10,18,-10,-2
610142048199,2,0,2,60,0,15,-29,0
610142061751,-2,-4,5,42,-6,3,-31,-5
610142061751,2,2,2,91,18,-84,-24,-3
610142070030,4,5,1,-29,-19,-66,-26,-7
610142070030,-3,0,-1,-49,-71,103,-10,0
610142084899,-3,-2,-11,57,-30,2,4,-2
610142084899,1,4,14,0,-9,127,14,-2
610142085709,-3,-4,-2,-33,68,37,17,4
610142085709,0,-5,-8,16,46,62,13,-3
610142099375,-5,-1,0,70,48,73,10,0
610142099375,-2,-5,-6,-100,12,115,3,-4
610142106874,5,-1,-3,-35,-28,-45,2,-1
610142106874,-1,-6,2,68,26,-2,-3,2
610142136858,0,-4,2,-34,30,-7,-12,3
610142136858,0,-1,-10,-28,21,58,14,0
610142145783,-2,0,-16,31,-22,-4,2,0
610142145783,1,8,4,24,39,-5,27,4
610142168135,-1,-1,10,-61,-1,-117,10,-1
610142168135,-6,-4,3,32,10,-35,-3,-2
610142169625,1,-4,-1,-1,7,-59,-11,-5
610142169625,-2,-5,4,-19,55,2,-30,-6
610142190666,-2,-1,-5,-7,-5,-128,-26,-5
610142190666,3,-4,-7,-52,-36,13,-15,-2
610142196772,-3,-2,5,-31,-70,96,-8,-8
610142196772,-2,10,10,-57,-57,100,-1,-5
610142220636,-3,6,0,9,-22,-29,2,-3
610142220636,1,0,-5,-29,59,72,8,-1
610142222202,-3,-5,-2,67,40,-14,-8,-2
610142222202,3,-2,-6,2,-30,-1,-7,2
610142243055,3,-7,-5,9,-9,126,2,4
610142243055,0,7,8,-28,67,-106,1,2
610142244634,0,4,-3,6,-6,-9,0,0
610142244634,1,-2,3,-65,-50,6,2,5
610142265084,-2,-6,14,-28,-20,6,14,1
610142265084,1,-10,-7,-9,-61,-103,-1,4
610142271825,-4,-4,88,-55,-10,42,15,1
610142271825,0,-4,35,83,-13,16,5,0
610142295726,1,-3,6,31,9,11,-4,-1
610142295726,-1,2,2,59,-5,-19,-5,-5
610142297149,-2,6,-21,-123,-16,-25,2,-3
610142297149,-3,-3,-16,-29,27,-20,0,-3
610142318932,-3,5,8,-24,-24,8,2,-1
610142318932,-3,2,-44,108,40,75,-6,0
610142321212,-5,-3,-16,57,39,80,-1,-6
610142321212,0,-1,-1,44,46,96,0,-7
610142339345,3,-2,-18,122,87,127,4,-1
610142339345,1,-1,-1,90,-87,63,2,0
610142348202,2,0,-8,-38,-49,82,3,0
610142348202,-2,-4,2,23,-39,-21,-1,0
610142369670,-5,-1,8,-42,-17,-98,5,1
610142369670,2,3,21,-34,14,-113,0,-2
610142378225,0,-1,-13,30,35,-23,-13,0
610142378225,-2,-2,-2,-22,-39,-121,-2,-2
610142393811,3,-3,-6,-74,-18,-59,3,-9
610142393811,-3,0,16,-60,-3,73,-5,-1
610142396222,0,3,-5,-75,-64,-86,-23,-1
610142396222,-3,7,-10,44,48,-92,-22,3
610142414362,0,4,2,52,-52,-25,-19,0
610142414362,-3,-7,9,-28,-25,-8,-24,-2
610142423219,-1,-8,2,54,100,-105,-11,-2
610142423219,0,2,1,-59,-43,107,-10,-4
610142445691,-1,0,-5,-15,-17,56,2,-3
610142445691,-3,7,-16,-3,-73,-12,20,-1
610142447215,-2,-7,-3,-26,-37,24,23,-2
610142447215,-2,-3,-5,45,20,40,22,3
610142468124,-4,-7,-12,34,-14,78,6,-2
610142468124,-1,-2,-5,-15,48,93,8,1
610142469659,2,1,-2,-3,-15,82,18,2
610142469659,-2,-3,-7,23,13,41,27,3
610142489354,0,-1,5,45,10,87,10,3
610142489354,0,0,10,-55,-21,23,5,4
610142499782,-5,1,-8,-39,12,81,7,0
610142499782,3,-2,8,39,-5,31,-10,0
610142520649,-4,-4,0,24,-16,-44,-9,1
610142520649,0,1,1,-3,29,-81,-19,-4
610142522229,-4,4,1,-40,-2,-17,-15,-1
610142522229,-3,1,-1,8,-12,-38,-9,-2
610142542581,0,7,0,-62,-3,-71,-7,-2
610142542581,-4,-1,5,44,7,-30,-5,1
610142549264,5,3,-3,62,-19,-39,-10,3
610142549264,-1,-2,-2,-38,5,-37,-11,-3
610142573907,1,0,2,-16,19,31,0,-2
610142573907,-1,-2,9,-13,15,-1,-1,-3
610142576191,-2,2,-8,37,5,-39,5,-1
610142576191,-3,-6,-8,-14,-10,-44,1,0
610142595700,0,-5,1,49,26,-47,6,-4
610142595700,-1,-4,6,54,8,-13,1,-1
610142597243,-2,-5,-2,-44,12,-15,4,3
610142597243,0,-2,-11,11,6,7,10,1
610142616931,-3,-8,-8,-51,-4,15,2,-2
610142616931,-2,0,-2,-5,-6,-11,4,-2
610142633320,-2,-4,0,-3,-17,46,-2,-5
610142633320,1,2,8,-39,-19,-10,0,-1
610142648548,-7,1,5,-11,-13,21,-4,1
610142648548,-1,-2,1,-2,-22,9,-2,-1
610142649587,1,0,4,-17,10,6,-1,0
610142649587,0,1,3,0,-8,-31,-7,1
610142655782,-5,0,-4,11,9,-19,-15,-3
610142655782,0,-5,-3,18,4,-5,-14,3
610142657169,1,3,1,13,-17,-15,-6,0
610142657169,-1,-1,2,2,-6,-14,-3,-3
610142662543,2,2,-2,11,16,-11,-7,-2
610142662543,1,1,-3,37,5,-11,0,-1
610142663159,-4,1,-7,31,33,-27,8,-2
610142663159,-1,-1,-5,33,2,22,2,-2
610142670068,-1,-9,-1,-16,-2,15,7,1
610142670068,1,-4,-11,8,-1,38,7,-1
610142670677,0,-3,-6,4,5,42,7,-1
610142670677,-2,-2,-7,-28,7,40,9,1
610142678166,-6,0,-1,23,3,19,6,0
610142678166,0,1,2,-23,10,13,1,-5
610142679732,-1,-6,2,17,-1,-1,-6,0
610142679732,-2,2,1,16,-4,2,-7,-2
610142685038,1,0,-3,6,-6,-11,-6,-1
610142685038,-5,-2,-1,-14,-2,-8,-3,-1
610142685705,-1,1,6,35,-1,-7,-6,-1
610142685705,-1,1,2,1,-7,-3,-11,-2
610142693035,-4,5,1,19,15,-24,-6,-4
610142693035,-2,4,0,42,-5,-23,-6,-4
610142693769,1,0,0,2,-12,-12,-3,0
610142693769,-6,-9,-5,-20,8,3,-2,0
610142700072,4,-3,-4,-14,6,-3,-1,0
610142700072,-2,-4,-8,-27,-9,-20,-1,-2
610142700678,-4,-6,0,-42,-21,-9,0,-5
610142700678,2,-2,-1,-15,8,-6,3,-5
610142707547,-1,-5,-8,12,-14,-10,6,0
610142707547,-1,1,-4,-1,-6,0,4,-4
610142708273,-2,-2,-2,-15,-6,12,0,-1
610142708273,-3,2,-2,-22,-28,4,0,-2
610142715414,1,2,-2,-42,-37,6,1,-2
610142715414,-4,-4,-3,44,39,-18,-3,2
610142722556,-2,-3,-3,13,-21,10,-1,1
610142722556,5,-1,-4,42,-1,-19,0,-1
610142723276,1,-2,1,37,-32,-17,-7,1
610142723276,-2,-5,4,5,6,-14,-7,2
610142729946,1,-6,1,9,0,-12,-7,5
610142729946,-7,-6,-1,15,28,-31,-7,-1
610142744375,0,-2,1,-10,26,1,-4,1
610142744375,1,-2,0,35,-9,-2,1,1
610142752551,0,0,-1,16,29,-1,2,3
610142752551,-4,0,1,22,3,6,2,-1
610142767581,3,-4,-2,10,13,-9,4,2
610142767581,0,-2,-4,7,8,16,2,2
610142768221,-4,3,-4,-14,1,13,1,0
610142768221,-1,-1,-4,-10,-7,8,-1,-2
610142781796,-4,3,1,22,8,3,3,1
610142781796,-1,1,1,-3,-7,13,1,-2
610142789971,-2,1,-7,-1,4,-2,1,-6
610142789971,1,-2,0,41,-12,-13,2,0
610142804384,-5,-8,1,-50,18,8,4,0
610142804384,2,-3,0,-38,-11,1,4,1
610142812608,1,-3,4,9,-13,-10,-3,-2
610142812608,3,0,-7,13,-5,-10,-2,1
610142842881,-1,-1,3,27,2,2,-5,-4
610142842881,0,1,-5,3,-2,-2,-7,-4
610142849340,2,0,3,40,-11,-5,-6,-1
610142849340,2,2,3,-10,-4,-17,-7,-3
610142872599,3,1,2,1,-8,-6,-6,0
610142872599,-4,-3,-1,7,-3,-12,-4,-2
610142880706,-1,0,-4,-68,-3,-11,-5,1
610142880706,-1,1,8,-27,-2,8,1,2
610142895634,-3,-3,6,-2,15,-5,0,-1
610142895634,0,2,-5,-12,-6,-7,4,-4
610142897212,-2,-1,1,-16,3,-3,3,-1
610142897212,-6,-4,-8,-15,12,19,2,-1
610142910757,-2,5,-7,-26,-9,14,2,-4
610142910757,1,-1,3,0,12,13,2,0
610142911460,2,1,0,77,0,-10,9,2
610142911460,2,3,-5,59,4,-5,1,4
610142932451,1,8,4,26,-2,1,5,6
610142932451,0,4,4,86,27,-15,8,5
610142933219,6,5,4,94,33,-39,4,6
610142933219,6,10,12,39,-2,-46,6,5
610142939242,4,4,4,26,-16,-22,7,6
610142939242,2,9,6,68,-35,21,1,6
610142948341,2,8,16,-4,34,-42,8,-1
610142948341,1,8,5,40,-15,-32,0,3
610142963169,7,14,15,40,-11,29,2,5
610142963169,6,-3,10,-23,-48,-79,5,0
610142964719,0,19,4,16,-9,127,-2,9
610142964719,7,1,4,66,1,-46,9,-4
610142970709,4,2,11,-22,47,47,3,7
610142970709,3,24,-6,63,-56,-67,12,1
610142971332,-4,-17,0,-97,44,46,9,10
610142971332,7,27,2,17,-31,2,21,-1
610142984378,3,8,-3,111,12,-52,-6,4
610142984378,5,-10,9,-81,75,30,13,7
610142992513,3,23,2,16,-62,8,6,1
610142992513,2,17,13,103,25,-94,-1,0
610143007496,7,-21,11,-34,43,55,16,6
610143007496,1,18,7,-35,-38,26,-7,0
610143008171,9,41,16,127,-32,-128,-18,0
610143008171,-1,-41,6,-128,119,89,-5,11
610143021907,-4,8,-21,-36,-67,-44,2,-8
610143021907,0,7,11,53,-44,-26,-32,-1
610143030109,4,-9,19,23,45,29,7,-6
610143030109,2,7,-14,-118,-69,-57,6,-2
610143044354,3,0,-13,67,-16,12,-16,1
610143044354,1,-1,-5,58,63,64,1,1
610143052583,-3,-15,-1,38,-48,-74,4,0
610143052583,4,4,-2,-81,-48,20,8,-6
610143066771,-9,1,1,18,6,7,11,-3
610143066771,1,4,-1,-46,-7,-15,8,2
610143075150,4,-17,-9,63,5,81,4,8
610143075150,-4,8,3,37,11,16,2,-4
610143081885,-5,-2,5,4,2,-14,3,-1
610143081885,1,-2,-3,26,5,2,5,-5
610143089969,-4,5,-5,-44,3,-18,-7,-3
610143089969,-2,-10,-2,-4,-2,13,-8,-5
610143104190,3,6,6,35,-2,-24,-6,-1
610143104190,-4,-3,1,-11,23,-31,-1,0
610143112400,0,-2,-2,-13,-3,-14,-3,-4
610143112400,-1,2,2,69,-8,15,-10,4
610143126636,-1,4,5,0,2,-17,-6,-3
610143126636,-5,-8,-1,8,6,-14,-1,1
610143134919,3,-5,-6,21,1,-13,-2,4
610143134919,0,0,0,28,5,18,-4,-3
610143150522,-3,2,-4,-22,-4,-20,-3,-2
610143150522,-4,-4,-4,-8,3,9,3,-2
610143151320,-2,-5,-2,-7,-3,9,3,-6
610143151320,-1,-3,1,-29,1,19,-2,-1
610143164191,3,-2,-5,8,-6,6,6,-2
610143164191,3,1,1,42,11,11,6,-5
610143172355,1,-2,-5,-23,7,-2,3,-3
610143172355,-5,-1,-1,19,23,-4,-1,-1
610143186699,-3,0,-2,-11,-1,1,1,-5
610143186699,1,1,1,0,0,6,0,-2
610143195596,-2,-2,0,-27,-4,-14,-4,-2
610143195596,-1,2,2,12,-10,9,-7,2
610143210581,2,2,1,7,7,-22,-5,-1
610143210581,3,-2,-1,-4,9,-9,-4,-3
610143212176,-5,1,0,-22,-13,1,-2,-1
610143212176,-2,-5,-1,31,10,-7,0,3
610143224218,-1,-3,2,-3,-6,-19,-2,-3
610143224218,-2,-5,-3,9,-7,1,-2,-1
610143233280,1,1,0,20,3,-6,-2,-1
610143233280,-6,1,1,0,-4,8,-2,-2
610143246713,-2,-4,0,5,1,3,2,1
610143246713,-4,-3,-2,-7,-1,18,-3,-2
610143255698,-4,2,-8,-10,2,-8,2,3
610143255698,1,-1,-4,-24,-14,17,1,0
610143270556,-5,-2,-4,7,-10,6,-2,0
610143270556,2,-2,3,-3,-3,1,-3,0
610143272151,-5,0,-1,-3,2,-3,2,-5
610143272151,-1,-7,-3,18,-12,8,1,2
610143284233,4,1,0,-3,-2,1,-5,-1
610143284233,-2,0,-5,-12,2,7,1,1
610143293163,0,1,-3,-13,5,2,2,0
610143293163,-3,-2,-2,2,1,-11,2,-3
610143306713,-3,2,-3,-9,4,-6,-1,-4
610143306713,-2,0,0,-36,1,4,-3,0
610143315663,-2,-5,-4,-78,1,37,0,-3
610143315663,-1,-1,3,-51,-13,-37,1,0
610143330565,-1,-1,-3,13,-11,-9,0,-2
610143330565,2,5,0,55,-14,-24,-4,-1
610143332180,-2,-5,0,14,7,17,-6,-4
610143332180,-1,-3,0,-6,-14,28,-8,-1
610143344430,-1,-2,-4,-35,44,38,5,3
610143344430,-2,-8,8,-51,-5,-63,-1,-1
610143353253,-2,1,-2,-7,-19,-3,-7,2
610143353253,-3,-3,-7,70,-5,9,0,-3
610143366833,3,-2,-3,-6,2,-31,1,-1
610143366833,3,0,-3,8,-16,32,6,-2
610143375745,-3,-5,1,68,20,-65,1,0
610143375745,-2,6,0,-7,13,-10,-5,-1
610143390761,-1,-3,-2,66,-10,19,-1,0
610143390761,-5,-1,-6,11,13,28,6,-1
610143392197,4,-1,-1,-19,17,-9,2,-1
610143392197,-2,0,-6,48,24,4,9,0
610143404682,2,7,0,-75,3,38,-7,-2
610143404682,0,-2,-5,-40,-1,23,-3,-4
610143413237,0,2,0,48,-19,13,-2,-4
610143413237,1,2,0,16,-14,-19,-4,-1
610143426871,-2,-3,2,41,-6,-71,-10,-1
610143426871,-2,0,1,6,4,-20,-9,0
610143435697,2,0,0,32,-8,5,2,-2
610143435697,0,-2,2,-35,-16,6,0,0
610143450706,1,-2,4,5,-6,12,-1,0
610143450706,-3,-1,-8,15,-8,19,7,-2
610143452169,-4,0,-8,5,28,-32,1,-3
610143452169,4,1,-4,26,28,-2,7,-1
610143464397,-1,-5,-5,113,9,-47,1,2
610143464397,-1,-1,-7,41,24,14,5,2
610143473251,-2,-1,-6,-18,-23,28,6,-1
610143473251,2,1,3,9,-16,-6,-2,2
610143487306,-9,-2,-1,-62,-43,19,-2,-1
610143487306,-4,0,-1,-24,-6,-24,-9,1
610143495741,0,-2,-5,4,-3,16,-7,1
610143495741,0,-3,0,-10,-5,19,-7,-3
610143510726,0,2,0,7,16,18,0,-1
610143510726,-3,3,8,10,5,-18,-6,-2
610143512222,-1,0,7,-59,-19,5,-7,0
610143512222,-3,-3,-1,14,-2,5,0,-4
610143524319,2,-3,3,-70,-5,27,-2,0
610143524319,0,-6,3,16,3,-13,-2,0
610143533281,-1,0,1,19,7,-8,1,-2
610143533281,-1,3,4,8,3,7,-2,1
610143546898,-1,-6,-3,45,38,-36,2,-4
610143546898,3,5,-3,47,-15,-9,-4,0
610143555762,0,-1,2,-72,14,1,-5,-2
610143555762,-2,-4,-2,127,77,-56,2,0
610143570169,3,-1,-3,100,46,-44,0,-2
610143570169,1,7,-6,20,1,-6,3,-1
610143576961,-1,1,0,13,-26,-6,9,-3
610143576961,-5,-1,-5,38,-13,-75,-6,-3
610143608231,-5,-2,-2,47,16,-96,6,1
610143608231,2,-11,-1,-94,-14,-22,6,2
610143609683,0,-1,-4,9,-31,52,-4,-4
610143609683,0,3,-1,-112,21,84,0,-3
610143631412,-5,3,-2,12,-20,-13,-5,-1
610143631412,1,3,-1,16,17,-22,-11,-1
610143632954,-4,1,2,16,21,-25,-2,1
610143632954,-3,-7,-4,2,-12,23,-1,3
610143651815,3,-1,2,-2,-15,17,-5,-1
610143651815,-1,-1,-1,23,2,-4,-2,0
610143660762,-5,-4,1,21,12,-29,-4,1
610143660762,3,5,1,-60,-21,-2,-1,-2
610143683066,4,0,-2,-38,-21,24,-1,1
610143683066,1,-3,-5,44,7,-31,-3,-1
610143684621,4,-2,0,14,-11,7,3,-1
610143684621,1,4,0,12,-11,-95,1,0
610143705736,-3,3,-6,-17,-7,30,2,2
610143705736,-5,-1,2,7,1,13,0,-2
610143707234,0,3,-3,-7,16,-4,4,3
610143707234,-3,-2,-1,-28,-1,16,4,-7
610143726856,-2,1,3,-7,-2,16,-4,-7
610143726856,-4,-6,-4,13,0,12,-5,-2
610143737320,-1,-1,-2,8,16,-9,5,-1
610143737320,-1,-1,1,-8,-8,5,-6,-1
610143758209,-1,0,3,-47,0,1,-2,0
610143758209,-2,-4,-3,-21,12,11,4,-4
610143759731,-5,-2,-2,-15,-4,-14,1,-1
610143759731,-4,-1,-4,1,3,5,2,2
610143780745,4,-2,-1,0,15,-5,-1,2
610143780745,-2,-4,3,-11,-18,5,-3,1
610143782203,0,-4,-6,8,-4,-8,-2,-6
610143782203,2,0,0,84,27,-23,0,2
610143802598,-3,0,-5,37,1,-1,-2,-2
610143802598,3,4,3,15,-8,-6,0,1
610143810016,-3,-3,-4,12,59,-21,-6,0
610143810016,3,-5,-2,-16,-35,2,-1,-2
610143810747,-3,-4,3,-38,-24,5,7,-2
610143810747,-1,1,-7,-4,-11,6,0,-1
610143819049,0,-3,-3,-22,-57,16,0,-2
610143819049,-5,2,-3,30,-25,-13,4,0
610143819694,5,-2,-5,-9,16,-9,-1,3
610143819694,-2,-3,-1,-21,-16,12,-5,1
610143825629,3,0,1,-7,-6,4,3,1
610143825629,-3,-2,4,-45,-13,5,-6,0
610143826378,-5,-2,-5,-15,-19,15,-1,-3
610143826378,-1,3,1,-13,11,-1,-3,-1
610143827168,-2,0,-5,-3,-11,0,-8,-1
610143827168,-2,-2,-3,-15,1,23,-2,-2
610143833099,-4,-5,-4,-38,-13,4,-1,-5
610143833099,-2,2,0,-18,1,-1,-4,0
610143834647,1,-1,1,16,-5,-9,0,-3
610143834647,-2,-1,-2,0,7,-5,-4,0
610143846880,-1,0,3,-3,-19,12,-6,1
610143846880,-2,-4,0,9,3,-4,-1,-5
610143855760,-2,1,3,8,1,3,-7,-2
610143855760,-4,-6,-3,-14,2,11,-5,-4
610143870790,-5,2,-2,9,-5,-5,3,0
610143870790,5,-6,-2,2,1,-9,5,1
610143872281,1,-3,-2,-6,5,-7,1,1
610143872281,1,-2,-2,-13,-3,0,0,-2
610143884395,-2,-3,0,9,8,-19,-6,-7
610143884395,-4,-3,0,1,7,0,-2,-2
610143893261,0,1,-3,8,0,4,-1,2
610143893261,1,2,0,4,3,3,0,-1
610143907273,3,-2,-5,1,2,0,2,-3
610143907273,-7,1,3,1,-1,10,7,2
610143915743,2,0,-2,7,-1,-6,-1,2
610143915743,-3,2,2,-2,-1,-9,0,-1
610143931108,2,0,-5,-3,0,5,3,-1
610143931108,4,1,-1,13,0,-7,-3,-6
610143932614,1,0,0,11,0,-20,-6,0
610143932614,3,2,0,-4,-1,6,-3,1
610143944277,-2,-2,5,8,3,-2,-3,3
610143944277,-2,-3,-4,-1,6,-3,-7,0
610143953275,-2,0,-1,0,-7,3,-2,4
610143953275,0,-4,-1,-2,-1,2,-2,-3
610143966741,-3,-1,0,33,3,-7,-4,-1
610143966741,2,-4,0,10,13,-1,-2,3
610143975814,-1,-2,1,38,18,-17,-1,-1
610143975814,-2,0,-2,25,7,-6,4,2
610143990755,2,0,-1,10,-5,-2,0,-1
610143990755,-5,-1,-5,13,1,-5,-1,1
610143992293,0,-1,3,-6,-1,-5,3,2
610143992293,-1,0,-7,-4,-3,-6,3,-1
610144004254,-4,-4,-2,-6,-3,2,3,-2
610144004254,4,3,2,5,-5,-1,0,3
610144013223,-1,3,0,7,-2,1,-6,-6
610144013223,-3,-4,4,-5,-5,1,-2,-2
610144026735,3,0,-1,6,-3,-1,0,0
610144026735,-4,-3,-2,25,5,-12,1,-2
610144035683,-1,3,-1,-24,-4,-2,-3,-2
610144035683,0,2,1,-11,-2,-5,-5,0
610144050030,-1,-2,1,1,6,-10,0,-1
610144050030,0,-1,-3,9,5,-14,0,-2
610144056754,-5,-5,-2,7,3,-2,5,2
610144056754,-1,-9,-2,4,3,1,-2,0
610144064273,-2,-3,0,-3,-12,-9,0,-1
610144064273,-3,0,0,-7,-4,6,-2,1
610144073203,-4,4,3,2,-5,7,-2,-1
610144073203,2,2,3,32,-2,-7,-1,-1
610144086692,2,4,2,-6,1,-4,-2,2
610144086692,-1,-4,-2,-12,-1,4,0,1
610144095796,0,-3,-4,-6,-2,-7,3,-4
610144095796,-3,-4,2,7,0,7,3,1
610144110133,0,4,1,-7,-3,4,-5,0
610144110133,0,-1,0,-3,-4,0,-5,-5
610144116733,-1,-1,-3,38,8,-23,-6,-1
610144116733,-1,-1,-3,-10,15,-4,0,0
610144133242,-3,1,-5,0,1,6,5,0
610144133242,-1,1,1,10,-7,-2,7,0
610144134650,0,0,0,4,-2,3,4,-4
610144134650,1,2,1,-7,0,-1,3,-3
610144146902,-3,1,0,15,5,-8,-5,0
610144146902,-1,2,0,-17,-5,8,3,1
610144155772,-4,-8,-9,-9,4,8,3,-5
610144155772,-4,-2,-2,1,-4,0,-2,2
610144170043,1,1,-4,4,0,6,-2,-1
610144170043,1,3,-2,5,-3,0,-2,-3
610144176872,4,-4,-3,-16,-3,3,-6,-1
610144176872,-1,1,0,32,-1,-15,-3,-1
610144193163,-2,-4,0,8,10,-10,-4,-3
610144193163,-3,1,-3,-9,-5,0,-9,-2
610144194789,-4,-6,-2,12,1,-6,0,1
610144194789,-1,1,-3,-3,-3,-10,-3,1
610144206839,0,-4,0,-25,4,3,-4,-4
610144206839,-1,-1,-5,0,2,-2,1,-1
610144215747,-5,-3,-3,-51,-5,14,-1,-2
610144215747,-1,-4,-4,-12,-6,8,-3,-4
610144230118,0,-1,-4,-4,-4,6,0,0
610144230118,-3,0,-5,-11,0,-4,-6,-3
610144236849,-1,-2,-1,5,-2,7,1,-2
610144236849,-2,0,-7,-13,0,8,3,0
610144253195,3,3,0,5,0,3,-1,2
610144253195,1,-7,-1,12,3,-3,0,-3
610144254729,1,2,-1,-7,-2,1,0,-3
610144254729,4,-1,-4,-5,2,-1,1,0
610144266926,-2,-2,-2,-9,-5,-3,-2,-2
610144266926,-2,1,-4,-8,0,3,-4,2
610144275716,4,-3,0,11,8,-4,-6,0
610144275716,-3,-1,0,17,-3,10,-3,2
610144290137,0,-1,-1,2,-1,1,-2,0
610144290137,2,-6,2,-2,1,1,-1,4
610144296828,-3,0,-2,28,0,-22,-5,2
610144296828,0,0,1,-13,-5,-5,-5,0
610144312990,-5,-1,0,-120,-6,78,-1,0
610144312990,-3,-5,1,41,-5,-61,-4,-3
610144319273,5,-1,1,36,-10,-37,-3,5
610144319273,-3,4,-3,53,25,-41,-2,-1
610144326787,-2,2,1,38,7,-10,-3,4
610144326787,-3,2,3,-55,0,32,3,-1
610144335840,1,3,2,-38,2,55,12,2
610144335840,-2,-10,4,-39,5,-2,10,-2
610144349984,-1,-2,-3,80,8,-38,-3,-3
610144349984,-4,-4,-1,57,-6,-14,-1,-2
610144356923,-2,-1,-1,49,37,-36,2,-3
610144356923,0,1,-6,-23,-23,22,0,-1
610144373252,1,0,0,1,37,-28,-1,-7
610144373252,0,4,-1,-58,6,-18,-2,-2
610144374664,-1,1,5,-24,-45,6,-7,-2
610144374664,2,-1,-1,24,33,15,-2,-2
610144386877,2,-1,-3,-1,-7,-37,1,2
610144386877,0,-1,-10,11,68,64,-2,-4
610144395793,1,3,1,-15,3,97,-2,-1
610144395793,-2,0,3,27,12,83,-5,-2
610144418052,-4,-7,-1,52,-79,-92,-6,-1
610144418052,0,-3,1,9,54,-41,0,4
610144425726,-4,1,-17,8,-13,-12,-2,2
610144425726,-3,-2,0,10,26,-33,-5,-1
610144433237,-5,-8,-3,-27,-58,9,1,-1
610144433237,-2,-3,-6,60,-76,56,-1,2
610144434720,-4,-4,-1,23,-33,-74,-5,2
610144434720,-1,-2,6,-81,-66,6,-3,0
610144446906,-4,0,-1,-57,10,31,1,-4
610144446906,1,2,-6,-82,-35,-9,2,-5
610144455751,-1,2,-3,-69,13,34,3,-3
610144455751,-2,4,-6,-35,14,-55,10,3
610144470135,0,1,1,-21,15,-39,8,2
610144470135,-3,-7,5,-58,-15,-54,2,2
610144476807,-7,-2,3,-40,31,18,-3,-4
610144476807,-2,-6,1,-35,47,27,-1,-3
610144493281,-5,0,0,6,36,-5,-2,0
610144493281,0,-1,1,-4,9,4,-9,-1
610144494765,2,2,7,-36,-38,-10,-3,-3
610144494765,2,1,2,26,-14,-22,-8,-1
610144506887,4,-5,1,-58,10,57,-6,-1
610144506887,-4,-2,4,-20,5,-40,-4,1
610144515792,-3,-4,2,99,37,-49,-3,0
610144515792,-2,-4,3,43,14,-75,-7,4
610144530077,2,2,-5,32,5,-32,-5,-4
610144530077,1,1,-3,121,33,2,-2,-1
610144536837,-6,-3,-1,-1,8,12,2,-1
610144536837,-5,-2,-1,8,-32,31,1,0
610144553125,-1,-3,-3,-20,-54,50,-1,-2
610144553125,-1,2,-3,-12,-20,21,4,-2
610144554712,3,-2,-7,-51,-2,3,0,1
610144554712,0,2,-3,11,-8,-5,5,-4
610144566912,3,-2,-2,10,7,-3,8,-2
610144566912,0,-4,-4,-36,22,28,2,-5
610144575734,0,-7,-1,-16,-8,4,1,-3
610144575734,-2,-3,-8,19,-22,-1,-1,0
610144598272,-5,0,-6,-12,8,26,0,0
610144598272,0,1,3,-43,-16,-5,-4,-2
610144599722,3,-1,5,19,-12,-26,-1,4
610144599722,2,0,-2,4,9,-17,0,-3
610144613191,-3,0,0,-2,11,-8,-6,-1
610144613191,-2,1,-3,3,-23,9,-8,0
610144614752,-2,2,-1,-34,15,-32,-9,-5
610144614752,2,1,-5,-69,-34,5,-7,-1
610144626841,-1,3,2,21,25,-19,-7,0
610144626841,-5,-1,-2,38,-14,-24,-1,1
610144635793,4,1,-1,-8,8,-11,-3,1
610144635793,-2,0,3,5,-12,-5,-5,2
610144650112,-1,-5,1,-1,-3,-14,-1,-5
610144650112,5,-1,-4,11,-9,-11,1,-2
610144656834,-7,3,0,-4,4,16,5,-1
610144656834,0,-4,-1,21,15,1,3,-1
610144673088,-4,3,-7,27,-1,-5,4,3
610144673088,-1,3,-4,16,11,-3,6,-1
610144674666,3,-1,-1,12,-5,-6,5,0
610144674666,0,-2,3,-28,-19,-1,-2,-1
610144686830,0,-2,5,8,-5,-6,5,0
610144686830,1,4,4,-17,-1,-3,4,0
610144695821,-2,0,0,41,1,-15,-5,-3
610144695821,-2,2,0,19,9,-5,3,-3
610144709967,0,-4,1,12,4,1,-6,-1
610144709967,1,-3,1,18,-13,-25,-3,1
610144724240,-3,-2,6,29,-5,-11,-6,-1
610144724240,-2,-1,2,14,5,-5,-7,0
610144733259,3,2,-1,16,4,8,-3,-2
610144733259,1,-2,6,14,8,3,-4,2
610144734792,2,-1,-4,-8,19,4,-3,-4
610144734792,0,3,-3,-5,6,6,1,-6
610144746955,-1,0,1,65,34,-10,-6,-3
610144746955,-4,0,-2,7,-17,0,-1,-4
610144755772,-3,-3,-3,39,-11,-9,1,2
610144755772,6,4,-1,5,2,-41,4,0
610144770111,0,-1,-3,21,-7,4,0,-4
610144770111,4,2,-8,46,12,-6,-2,-1
610144776874,1,-2,0,27,-4,5,11,0
610144776874,-6,-4,-6,46,-5,8,-3,-2
610144793266,-2,1,-9,-2,-36,71,4,1
610144793266,1,-1,3,-10,-12,18,3,-1
610144794773,-2,-3,-5,-31,-26,12,6,0
610144794773,0,-3,-1,8,-7,34,5,-2
610144806949,-2,-1,-6,-17,-9,-13,6,-3
610144806949,2,-5,-3,-23,5,-59,-2,-4
610144815789,-1,2,-2,48,19,122,-3,-4
610144815789,-5,-1,2,-37,-23,63,-2,-2
610144830180,0,-3,2,-3,-10,-37,-2,-1
610144830180,-5,-2,-7,79,16,16,-7,-2
610144836778,0,-2,1,-11,16,-26,-12,0
610144836778,-2,-2,-3,-11,14,-86,-13,2
610144853262,-3,5,0,56,24,21,-5,-2
610144853262,0,0,-2,-2,-4,12,-12,-2
610144854713,-2,4,-3,2,1,-16,-5,-3
610144854713,0,2,-4,83,3,4,1,1
610144866816,0,0,3,-28,-10,-39,0,0
610144866816,-6,-2,-5,-52,-18,-32,-3,-1
610144875900,-2,-2,8,-6,-34,-3,3,0
610144875900,-1,-6,-2,32,-12,30,0,0
610144889983,1,-6,4,-12,-10,-56,-3,-1
610144889983,-2,4,-1,-38,-40,14,4,0
610144896724,1,-2,4,-44,2,-29,3,-2
610144896724,-5,0,-3,16,1,74,8,-7
610144913046,2,1,-7,-8,-17,4,10,-2
610144913046,-4,0,-5,109,19,50,7,-3
610144914670,-5,-4,-7,17,35,-18,1,-3
610144914670,0,-1,-4,24,8,-40,6,-2
610144926709,0,-3,-8,7,33,90,5,1
610144926709,1,-2,7,-22,21,45,10,-1
610144935690,-1,-4,-11,40,-5,2,5,-2
610144935690,0,-2,0,52,28,8,7,1
610144949947,0,-3,-1,-18,24,-12,-10,4
610144949947,1,-6,19,-8,15,12,3,-3
610144956693,2,-3,1,-10,22,-30,-9,2
610144956693,1,1,8,-94,18,-43,-16,1
610144972435,-4,2,12,-118,-31,-31,-20,0
610144972435,1,-3,1,-74,-15,-49,-17,-2
610144979217,1,2,6,11,-17,-12,-19,1
610144979217,1,-4,13,55,1,12,-21,-1
610144986724,1,0,0,46,-11,-66,-11,2
610144986724,-1,-5,-2,127,-10,32,-7,4
610144995739,0,-2,0,2,-39,-50,0,-5
610144995739,-3,2,-18,-51,-42,-19,4,-1
610145009928,1,-3,-5,26,-28,-52,13,2
610145009928,1,-4,-14,90,-12,83,14,-5
610145016706,-1,3,-9,51,-2,47,9,5
610145016706,-2,2,-4,-11,33,43,5,-1
610145032464,1,-3,4,-15,39,61,6,-6
610145032464,-4,-1,0,-128,23,11,16,1
610145039227,3,-2,-13,43,22,17,0,0
610145039227,-4,2,-26,108,39,48,7,-6
610145055608,-1,-1,-7,-35,-38,-50,10,-1
610145055608,2,-1,-3,-11,-2,38,-8,0
610145057186,-6,-7,8,-38,19,-13,14,-2
610145057186,0,-3,4,36,20,10,18,3
610145070420,-2,2,3,-51,27,80,2,-1
610145070420,1,0,4,-77,9,-83,9,2
610145076730,-2,2,11,-43,-1,-31,6,-1
610145076730,5,-2,21,-64,-44,-60,3,-2
610145108075,-2,-1,7,-21,7,-44,-5,0
610145108075,5,2,7,-19,-56,-71,-9,3
610145109699,1,1,-3,-26,-56,-34,-8,-3
610145109699,0,-1,1,-22,-62,-32,-21,1
610145129471,-1,-3,-1,71,-17,35,-17,2
610145129471,-5,1,3,-106,-52,-15,-19,-1
610145147309,4,4,20,57,-23,-33,-19,-3
610145147309,-3,3,13,-72,-88,-18,-14,-2
610145160798,1,-2,0,16,-26,10,-32,-1
610145160798,-1,-2,-4,47,7,24,28,-3
610145162240,0,-3,-7,-47,84,48,4,-3
610145162240,-2,-3,-9,94,112,2,11,-2
610145167955,-1,1,-2,-109,94,-3,24,2
610145167955,-2,-6,-13,-15,-9,-43,1,-1
610145168199,0,0,-20,-104,-40,-11,12,1
610145168199,0,-3,-12,-21,-29,-16,23,-3
610145175710,-2,-2,-15,45,-35,44,10,-4
610145175710,-5,-4,-7,2,63,26,-5,-1
610145177273,-1,-1,3,-18,-72,36,1,4
610145177273,0,1,-6,-40,-15,21,-9,1
610145190127,4,3,10,-23,10,-6,2,2
610145190127,2,3,11,-42,-19,-15,-5,2
610145196813,1,1,10,21,28,-33,-4,4
610145196813,2,-3,13,-59,34,-57,-5,0
610145212493,-3,0,4,20,-32,-73,1,-4
610145212493,-6,3,-4,5,-25,-12,-10,-2
610145219365,-2,0,-45,62,27,-23,-16,-1
610145219365,-2,-2,5,-76,-60,-4,-4,-4
610145251483,-5,-2,-30,12,-46,59,-4,-4
610145251483,-4,3,12,-95,-2,93,-10,-1
610145253004,-2,-6,8,79,-55,-85,-7,-5
610145253004,0,1,3,-61,49,12,-13,-8
610145271851,0,-3,4,-35,-39,56,-8,0
610145271851,-1,1,-2,43,-8,-105,22,-4
610145280829,-3,0,6,-99,-58,-60,-24,-3
610145280829,-1,0,-10,125,-71,100,-19,7
610145303220,-3,-1,8,80,104,66,-13,1
610145303220,4,0,-1,112,-82,49,-10,-2
610145304758,-1,-1,13,-102,68,58,6,-2
610145304758,2,-3,1,52,16,-43,15,0
610145332446,2,3,-3,-71,-64,-9,7,-4
610145332446,-5,-1,-1,-38,37,40,11,4
610145340824,-2,-9,-7,-26,32,84,24,0
610145340824,-3,-4,2,-34,-9,67,6,0
610145355754,-1,3,1,-47,8,-47,16,-2
610145355754,0,-1,2,87,22,2,-1,3
610145357215,-2,-4,-3,37,2,8,-2,-2
610145357215,-2,0,-5,41,16,-14,-2,-2
610145370141,-5,-7,-31,127,18,57,-4,-2
610145370141,-1,-3,-37,41,19,-84,-17,-4
610145376841,1,4,20,-51,-43,-53,-13,1
610145376841,-3,1,33,-4,-64,-85,-8,-4
610145384328,3,2,11,-82,-16,-128,-4,-4
610145384328,-3,-7,-8,-126,6,7,-10,-7
610145392005,-10,-10,-9,-31,-11,82,-1,-6
610145392005,-11,-7,-15,-128,38,1,6,-10
610145408282,-9,-7,12,38,-12,-17,-13,-6
610145408282,-5,-13,1,-22,32,-16,-15,-5
610145409824,0,-7,-10,41,4,20,-19,-2
610145409824,-7,-11,-13,-128,-15,-18,-16,-2
610145422410,-7,-4,-9,-89,30,-13,-14,-4
610145422410,-4,-1,7,-50,29,26,1,-7
610145430822,-5,-9,-1,-55,61,-41,6,0
610145430822,-4,5,-13,38,-12,-29,5,2
610145438212,-1,-24,18,-73,5,-2,9,-3
610145438212,-5,5,-19,102,-41,-44,-7,-4
610145439728,-8,-10,-9,-128,-2,33,-3,-6
610145439728,-3,-3,-12,-22,-18,-29,-2,-5
610145451830,1,-2,-18,41,3,0,-1,-5
610145451830,-7,-21,21,-80,12,14,-5,0
610145460797,0,11,-24,116,33,-53,0,-7
610145460797,-6,-17,11,-3,63,95,-5,1
610145475796,-3,-2,17,-112,-93,-57,1,-9
610145475796,-4,24,-23,-36,67,-29,-9,2
610145477300,-2,-12,3,127,17,53,0,-2
610145477300,-2,-30,21,-128,-100,17,-2,4
610145490775,-1,28,-41,20,35,-53,-5,-4
610145490775,-6,-9,4,127,95,40,-8,-8
610145491516,2,-31,45,-80,-128,-4,3,5
610145491516,0,23,-49,-40,-42,-95,-8,-5
610145513934,-3,6,-7,127,127,80,-7,-6
610145513934,-2,-31,55,19,-80,9,5,-2
610145514544,0,-1,-32,-121,-94,-55,-3,2
610145514544,4,25,-33,78,99,-3,-9,-10
610145515369,-4,-8,47,99,40,80,0,0
610145515369,4,-32,27,-128,-103,-19,-1,9
610145519436,-1,15,-45,-62,-46,-71,-4,-6
610145519436,-3,18,9,118,98,73,-2,-7
610145535856,-4,-22,45,11,-16,11,6,4
610145535856,2,-14,-32,-115,-128,-128,9,0
610145537275,-4,28,-25,-17,4,109,-6,-5
610145537275,-1,7,44,118,83,25,-2,-3
610145549430,2,-30,13,11,-78,-107,12,9
610145549430,-1,-5,-38,-124,-96,-18,-3,0
610145558321,-1,27,0,122,69,73,-6,-4
610145558321,-5,6,40,84,78,61,-3,-3
610145572540,0,-28,-15,-36,-62,5,-2,6
610145572540,0,-1,-58,-28,-24,-25,-5,0
610145579417,-2,25,25,94,86,20,-11,-5
610145579417,2,1,60,64,19,47,-32,-1
610145595781,0,-10,-23,-116,-34,16,-2,0
610145595781,-1,15,-70,127,-1,-55,-6,-2
610145597197,-9,-26,37,50,99,-1,5,6
610145597197,3,-15,13,-4,-128,-14,10,-1
610145609364,-1,30,-22,-25,-30,36,-7,1
610145609364,3,11,9,52,86,-52,2,-12
610145618358,-4,-22,13,44,-23,-21,1,8
610145618358,1,-16,-24,-70,-51,-5,16,4
610145632499,-2,8,-6,-35,2,26,0,-3
610145632499,1,25,32,-76,-3,10,6,-2
610145639317,-4,-2,1,51,-28,-17,3,6
610145639317,1,-16,-14,-120,-25,-54,5,1
610145655743,-1,1,-7,92,-26,5,-7,-3
610145655743,0,1,24,-7,31,36,-2,-5
610145657209,5,5,-2,-70,-42,-12,0,-4
610145657209,-3,-4,-25,-7,-32,-72,-6,-1
610145669382,0,0,-2,36,0,8,-6,-2
610145669382,-5,-4,15,-5,4,50,-5,2
610145678289,-1,-8,4,12,5,-19,0,-4
610145678289,2,0,-14,13,-23,-23,6,-3
610145692612,-7,1,-20,-2,19,-7,-3,-5
610145692612,-4,4,22,10,33,35,-1,0
610145699295,4,-2,4,33,8,-1,-2,0
610145699295,-4,-6,-5,-13,-5,-11,-2,-4
610145715606,0,-2,-1,-44,-16,-21,-7,-2
610145715606,1,3,6,42,-2,24,-3,0
610145717186,-4,-6,0,3,-7,2,1,-6
610145717186,-2,2,-9,-68,-21,-19,2,0
610145729488,-2,-2,5,-7,-6,-43,-1,2
610145729488,-1,-1,7,16,-2,32,1,-1
610145738272,2,-5,-6,-9,-4,1,0,3
610145738272,0,-7,-3,-19,3,-11,3,0
610145752614,-2,1,0,-42,-10,6,2,2
610145752614,0,3,2,28,26,15,2,1
610145759474,0,-4,-7,-36,-1,-14,4,-2
610145759474,-2,-4,-12,7,-6,-1,3,-2
610145775765,1,-1,-3,2,2,3,1,-1
610145775765,-2,1,2,12,36,10,-3,1
610145777224,0,1,-1,16,-8,14,2,-2
610145777224,6,-6,-12,23,5,0,-1,2
610145789408,4,5,2,14,-5,2,0,-1
610145789408,1,-3,3,-22,-21,21,-2,-3
610145798311,5,1,-4,38,-5,-22,-7,-5
610145798311,0,1,7,57,33,-12,-4,3
610145812536,0,2,7,-18,-8,-7,0,-6
610145812536,0,-4,-8,52,4,1,-3,1
610145819274,-2,-6,1,-11,-3,-12,-4,1
610145819274,-4,2,-6,1,-1,-10,-2,2
610145835807,-2,-1,-6,49,15,-7,-2,-2
610145835807,-2,3,2,-4,-2,0,-4,-3
610145837241,-6,-4,-5,-40,0,-10,6,2
610145837241,-4,-3,-5,-26,-14,0,-6,-2
610145849331,-1,1,1,-18,-4,5,-1,-4
610145849331,-7,-1,2,15,2,3,-1,0
610145858255,1,-1,1,-3,3,6,-4,0
610145858255,0,-5,-3,-2,5,6,0,-3
610145872632,-2,1,3,11,13,-1,-1,0
610145872632,-1,-1,-6,-16,-11,0,3,-1
610145879446,-2,-4,1,16,10,-2,3,-3
610145879446,-1,-2,-3,19,-22,-10,-1,1
610145895800,2,-3,-2,9,-14,2,-3,0
610145895800,-1,-2,0,14,13,-1,4,-1
610145897231,0,-3,3,50,2,-3,-1,-4
610145897231,2,2,-1,11,-3,8,4,-3
610145909459,-6,-2,1,-8,-9,3,4,-1
610145909459,0,-2,1,-10,-3,2,-1,0
610145918385,-2,1,1,-9,-21,9,3,1
610145918385,2,-2,-2,42,5,-3,4,1
610145932685,-3,-2,-1,-14,-2,-1,1,-3
610145932685,-4,3,2,9,9,1,-3,3
610145939338,-2,2,-1,-24,-2,0,-4,2
610145939338,3,0,2,-1,-2,-6,2,-2
610145955199,-1,-3,-2,13,2,-2,5,-4
610145955199,0,0,-1,-1,-7,0,0,2
610145961902,0,-1,-4,1,-8,-11,-3,-1
610145961902,-4,1,-5,-17,-8,-3,-7,-3
610145969307,3,-1,5,11,5,-9,-2,0
610145969307,3,1,8,-21,-1,-5,1,-7
610145978303,1,4,-4,40,11,-3,-1,-10
610145978303,-2,-3,-5,4,6,-11,-1,-2
610145992540,2,3,0,-20,-5,-7,0,0
610145992540,-2,-4,-10,9,-3,1,-2,-1
610145999324,1,2,-3,4,-1,-8,0,-1
610145999324,0,-4,1,-61,-9,11,3,-3
610146015095,-4,2,2,2,-13,-7,-11,0
610146015095,5,-1,13,-1,6,-9,0,1
610146021926,-1,6,4,-15,-2,-3,-3,2
610146021926,0,-2,-5,47,25,7,-5,-1
610146038104,1,-11,1,29,21,8,-6,2
610146038104,0,-3,-13,10,-6,-11,-4,-6
610146039681,1,1,-4,126,-17,-10,-6,-6
610146039681,-4,-3,0,78,-27,-23,0,-5
610146052654,3,4,-6,-8,26,-6,0,0
610146052654,-5,-4,-1,51,-2,-5,1,-1
610146059461,-4,-11,-2,22,-10,29,5,4
610146059461,1,-2,-3,24,19,16,5,0
610146097613,0,-2,-2,-44,0,4,4,3
610146097613,2,-3,1,9,-6,12,0,0
610146105834,-1,-3,0,-23,19,-4,-5,-1
610146105834,-1,-1,0,17,-31,4,-2,0
610146113147,-4,-1,-1,-12,36,-4,-1,-3
610146113147,2,-3,1,21,-37,11,2,-2
610146113922,2,-8,-4,-26,-21,-6,-4,3
610146113922,-3,1,2,-10,-4,-5,0,2
610146120029,-9,-9,-7,23,4,9,-3,-4
610146120029,-3,-9,-5,-47,-2,-15,-10,-2
610146120755,-6,-10,-6,-81,-3,5,-6,-2
610146120755,-7,-9,-4,-60,9,-4,-7,-1
610146135162,3,2,3,35,-12,-7,-6,2
610146135162,-4,-2,-4,10,11,-6,1,-6
610146141929,-5,-3,23,-62,14,-7,-2,-3
610146141929,-1,0,14,-43,-3,2,-5,0
610146158240,-4,-6,0,-5,-21,3,1,-3
610146158240,2,0,-1,-2,10,3,-2,-1
610146159800,-1,3,-12,4,25,-14,0,-6
610146159800,-3,-1,-7,-11,-1,-10,-6,1
610146172673,2,6,-3,-22,-22,-5,-2,0
610146172673,2,-1,1,-14,7,-22,-1,3
610146179375,-1,0,-5,47,7,5,1,0
610146179375,2,-3,-1,26,-9,-6,2,1
610146195014,2,4,-2,-14,-5,6,-2,-4
610146195014,-7,6,-2,22,13,2,-3,-2
610146201839,-1,-2,-3,2,-6,0,4,0
610146201839,0,-1,-1,20,-1,-3,3,1
610146218195,-2,0,-2,17,-13,-1,-4,-2
610146218195,1,-2,-2,22,5,-7,0,0
610146219770,3,0,-5,15,14,-5,0,-2
610146219770,0,6,1,3,3,-2,-2,-1
610146232646,-1,-3,-1,25,6,-3,2,3
610146232646,-6,0,-1,9,-6,8,-1,-4
610146239431,-2,0,0,-43,-11,-2,-3,3
610146239431,-2,3,0,-15,3,-2,1,1
610146263188,2,0,-2,38,3,9,3,1
610146263188,1,2,0,40,17,13,-2,2
610146264773,0,-1,-5,24,5,-9,3,-1
610146264773,-4,-2,-3,0,0,-48,-3,-3
610146301492,0,0,-2,-34,-10,2,2,-3
610146301492,1,-3,0,-25,-3,2,2,-3
610146303764,2,0,-10,12,-14,7,3,2
610146303764,5,2,4,18,3,13,-2,-1
610146314404,0,-1,-2,27,7,-3,-1,-1
610146314404,-2,1,1,121,22,82,-1,3
610146323309,-6,2,0,-128,-11,-108,1,0
610146323309,-2,1,-2,-53,-13,-63,1,-5
610146329959,3,-1,2,7,-27,-47,-3,-4
610146329959,7,7,7,5,9,-18,3,8
610146330721,3,4,11,43,-6,36,-2,3
610146330721,1,13,10,117,2,25,1,7
610146338103,7,8,9,60,8,-23,2,3
610146338103,7,8,9,0,6,-7,1,1
610146339746,9,5,6,127,-8,28,2,1
610146339746,5,0,1,44,-6,4,2,3
610146351870,-2,9,-2,49,1,42,5,2
610146351870,1,3,-3,-88,12,-2,1,2
610146360799,0,-8,-4,7,10,-4,3,-4
610146360799,-4,2,-6,-4,12,28,1,0
610146375000,1,-5,-1,-68,-9,-1,3,-3
610146375000,1,0,-8,-12,-29,-4,-4,-1
610146381821,1,4,-10,53,46,14,-2,-1
610146381821,-1,-10,-7,-20,-12,11,-1,-4
610146398225,0,1,-3,1,29,-4,0,2
610146398225,0,-2,14,35,26,-10,-2,-3
610146399764,3,1,22,9,9,5,-3,-5
610146399764,3,3,-3,5,0,0,-6,1
610146411938,-1,-1,5,-15,-3,-13,-6,4
610146411938,-2,0,-1,-67,-41,-12,-2,-1
610146420876,-3,-3,2,-54,-4,-6,-1,2
610146420876,-1,3,3,-28,-14,-14,0,-1
610146435109,-3,-3,-1,-67,-63,-8,6,0
610146435109,-4,-4,-6,-15,34,-10,2,-1
610146441934,-2,4,-1,-18,-39,-1,1,2
610146441934,-1,-4,-8,28,-5,-19,0,-4
610146458132,2,-6,-1,55,30,7,-1,-2
610146458132,-4,-10,-7,-12,-23,-82,8,-3
610146459743,-2,-13,-1,-46,13,-24,11,-7
610146459743,4,0,-8,-2,48,51,11,-1
610146471943,0,-2,-9,53,37,70,4,-2
610146471943,2,6,0,16,24,-33,0,-3
610146480815,3,-3,6,100,-7,0,-9,0
610146480815,-2,-5,-63,15,-14,-40,-17,-1
610146495018,-2,5,-2,59,-72,35,-10,3
610146495018,6,4,55,-53,-80,49,-10,5
610146501964,4,5,11,10,-41,14,-13,8
610146501964,0,1,-7,-51,-35,10,-13,1
610146518268,-4,3,-2,-5,54,33,-15,2
610146518268,-1,3,-10,-40,-112,-35,-4,4
610146519749,0,2,-7,-71,22,17,8,2
610146519749,-3,3,18,-19,18,-42,16,1
610146531796,2,-13,-8,-66,79,-122,20,-7
610146531796,-5,-9,0,-39,127,-89,24,-8
610146540864,-9,0,-8,-66,75,-55,14,-4
610146540864,0,-9,-8,-110,-81,4,9,0
610146555076,-5,-4,12,-4,-51,18,-4,-6
610146555076,1,-8,-15,-41,-52,-10,-7,4
610146569476,0,1,-3,34,7,18,-2,1
610146569476,-1,5,24,69,-32,24,-10,0
610146578191,0,8,-5,46,-81,-37,-11,3
610146578191,0,2,-10,59,81,69,-13,1
610146579733,-2,-3,-1,-88,-85,-69,-6,1
610146579733,2,-2,15,-8,-17,21,-11,-1
610146591948,-7,-1,2,-42,17,30,2,3
610146591948,-3,3,-13,-3,-23,6,0,-3
610146600862,-4,0,-10,23,47,-1,-1,-1
610146600862,2,0,6,-29,-63,-21,4,-1
610146615159,1,1,-5,51,68,-19,7,-2
610146615159,3,-3,-4,67,-35,35,7,-2
610146621960,0,0,-3,7,8,25,6,-4
610146621960,-3,0,6,-4,-18,-2,2,-2
610146638231,0,1,3,-58,25,-7,-1,-4
610146638231,-4,2,-8,5,-15,-14,-2,0
610146639777,1,2,1,-39,-25,7,-6,-1
610146639777,-5,3,5,48,74,9,-6,0
610146651919,2,-3,2,-56,-31,-6,-10,-2
610146651919,3,-3,-5,60,-9,-11,-5,-5
610146666939,0,-4,0,-30,-49,-4,-6,-4
610146666939,0,-2,2,-24,47,-19,-1,-6
610146674997,-6,0,-6,-66,-16,-14,-2,-2
610146674997,-2,2,3,-48,-16,-25,-1,-2
610146681756,-3,0,-6,63,4,4,0,1
610146681756,3,1,-1,54,-2,8,-3,-3
610146698323,0,0,-1,61,11,2,1,-1
610146698323,-6,-2,-5,1,9,8,-3,-1
610146699783,1,-2,-2,-15,-29,-14,-5,3
610146699783,-2,-5,8,12,9,-16,-3,0
610146711878,-4,-1,4,-46,-47,-4,-2,-1
610146711878,3,1,-2,-71,-3,16,-4,-5
610146720828,0,-3,-6,-7,4,-4,0,-3
610146720828,2,-5,7,-24,18,8,2,-1
610146735021,-4,-2,-1,35,9,16,2,-2
610146735021,-3,0,-3,54,16,17,2,-3
610146741865,-2,-4,2,-34,-11,31,1,-5
610146741865,1,1,-8,-95,20,3,8,2
610146758161,3,-4,3,-18,-27,5,3,-1
610146758161,6,1,1,-99,-5,24,-3,3
610146759742,3,3,-3,-48,-18,29,-6,-1
610146759742,-2,-4,4,40,14,12,-3,1
610146771957,0,-1,2,-60,-41,-15,-4,6
610146771957,-5,-3,-3,6,12,-15,-5,1
610146780919,-1,-1,-1,72,16,3,-4,-1
610146780919,-3,-6,-5,26,-27,-11,4,-2
610146795155,4,-1,1,-6,12,-15,4,-4
610146795155,-2,-2,-4,7,14,7,4,2
610146801855,-3,2,-5,-66,3,-13,4,-1
610146801855,-4,0,-6,22,-7,0,18,-5
610146818301,4,-1,-6,-6,-22,-34,8,-1
610146818301,-3,-5,-16,83,15,17,-1,1
610146819770,-4,-7,-19,17,19,-10,7,3
610146819770,-2,-3,-51,-13,-11,56,-15,-3
610146831931,-5,-4,13,60,69,-2,-21,-3
610146831931,-4,5,35,-101,-41,-44,7,-1
610146840848,-1,8,-14,-31,-86,27,-3,-1
610146840848,0,11,-18,-53,-47,79,0,2
610146855156,2,8,1,-105,29,-47,11,4
610146855156,-4,2,-7,10,33,-21,2,-1
610146861783,-4,-1,6,20,-15,-75,7,0
610146861783,3,-3,46,-128,65,40,11,1
610146877634,1,0,6,4,-41,-55,4,0
610146877634,-3,0,9,-30,-24,-52,-1,0
610146884486,5,8,19,10,37,9,-10,-2
610146884486,-9,-1,17,16,-33,-43,-6,-7
610146891928,-4,-13,-8,44,59,-80,-3,-5
610146891928,-3,-21,-20,101,127,-52,3,-8
610146900894,-1,-10,0,-85,89,-21,14,0
610146900894,-5,-8,-57,24,-51,-32,-52,-7
610146915147,0,6,13,90,-5,121,-36,-3
610146915147,1,-2,5,-47,-95,44,-24,-1
610146921890,2,1,10,-104,53,20,-18,-1
610146921890,5,2,17,38,2,60,20,2
610146936933,-2,-4,-20,-54,-19,23,-9,2
610146936933,-1,1,17,-1,-1,-3,-16,0
610146944270,-1,3,9,72,-100,6,-11,6
610146944270,-2,-7,13,-14,35,-128,-1,3
610146960120,-1,15,12,-112,-30,-31,8,3
610146960120,5,-1,-15,-13,-43,-38,7,0
610146960854,-6,-3,-11,34,-26,-44,-8,-4
610146960854,0,-1,-11,76,6,5,-9,-4
610146975827,1,1,4,106,22,-35,15,-3
610146975827,-2,-8,-17,-39,-13,-52,19,-7
610146981924,0,-2,-2,35,5,-50,22,-8
610146981924,1,5,3,-128,20,-90,19,-5
610146996955,2,-4,-6,-24,4,-35,10,-5
610146996955,-1,0,1,-22,30,-27,2,-1
610147004403,0,-10,-5,46,31,6,-3,-3
610147004403,1,-1,7,-19,-42,-22,-1,0
610147020142,-3,-3,-6,-9,1,-28,-17,-6
610147020142,-4,2,-1,33,-25,-11,-18,-1
610147020840,-6,-7,-7,21,-7,51,-33,1
610147020840,2,5,9,24,32,7,-19,3
610147035807,-5,-3,0,-11,-23,-96,-5,-3
610147035807,1,4,8,-28,21,-85,-3,3
610147041870,-1,3,1,-28,31,-90,8,-4
610147041870,-4,0,0,11,27,-57,6,-3
610147056942,-3,3,-6,71,21,31,-3,-2
610147056942,2,-2,-3,-83,-13,106,4,-3
610147064430,-1,1,-1,-82,14,-43,4,1
610147064430,3,-7,-5,27,-70,10,6,-3
610147080150,2,-7,-15,15,37,25,5,0
610147080150,-3,-1,-4,40,-33,34,7,-3
610147080795,-3,3,1,8,-42,68,5,0
610147080795,-2,-2,3,-51,-33,24,1,-3
610147095818,-1,-6,-2,-22,-16,14,4,-3
610147095818,1,0,-6,50,-3,-8,-2,-2
610147101980,-1,1,-2,-8,35,-19,1,-6
610147101980,-7,-2,0,42,-12,-9,2,0
610147116995,3,-2,-8,-9,-24,23,5,-1
610147116995,-2,3,-3,51,6,-35,-7,0
610147124303,-2,-2,7,-7,-4,-36,-1,-3
610147124303,-4,-5,4,0,61,-8,-7,3
610147140133,-2,7,-8,-23,1,45,-4,0
610147140133,-1,-3,-1,-13,13,5,-2,2
610147140779,-3,-5,-20,-6,-18,-41,-1,-4
610147140779,0,0,0,-38,15,33,6,-3
610147155769,-2,1,0,-20,-34,31,4,-2
610147155769,0,3,7,-42,-8,-3,4,2
610147161989,3,-1,-1,45,3,1,0,0
610147161989,-3,-4,8,13,-13,-54,-1,4
610147176855,-3,2,-6,40,-7,-7,-2,3
610147176855,0,0,-14,32,21,13,5,-4
610147184401,1,-6,2,32,5,-1,1,-2
610147184401,5,0,-12,20,7,-77,-7,-1
610147199969,-2,-1,4,-30,-11,-39,-4,-1
610147199969,1,-1,-4,-35,-31,4,-7,2
610147200768,-5,6,-1,-22,-3,-24,-3,1
610147200768,-2,-2,5,2,-28,48,0,-2
610147215799,-2,-9,-5,-13,-19,-81,0,2
610147215799,-1,-3,1,17,41,34,1,-2
610147222014,-5,1,3,12,19,39,-1,2
610147222014,1,-1,2,32,20,26,-2,0
610147236958,-1,0,7,12,4,8,-3,-4
610147236958,-2,-1,6,-8,-11,-3,-3,-3
610147244453,-2,1,3,-15,0,-34,-5,-2
610147244453,3,2,-16,-35,-4,20,-1,-7
610147259978,-1,-3,-16,-74,15,49,4,0
610147259978,0,-5,-3,-51,4,-22,0,-5
610147260728,2,-3,-7,16,-17,-11,2,2
610147260728,-4,-1,-15,0,23,-32,1,-2
610147276619,0,-5,-2,8,-9,12,-3,-2
610147276619,-4,2,6,9,-1,-17,-24,-5
610147281809,3,-1,11,6,-10,55,-20,-4
610147281809,0,0,7,13,0,-5,13,3
610147296914,0,-4,16,16,9,4,8,-3
610147296914,-2,1,10,19,13,17,1,2
610147304357,-3,-8,-19,-16,12,1,-5,-1
610147304357,-2,3,8,9,11,-19,-4,4
610147320012,-3,-6,4,2,11,-14,5,-6
610147320012,3,-1,-9,40,-16,-19,-1,-3
610147320764,-2,0,-5,-7,-25,14,-1,-1
610147320764,0,3,2,-6,16,24,-7,2
610147335798,-2,-1,1,19,-11,-7,-5,0
610147335798,-1,1,2,-9,5,-13,8,1
610147341981,2,-1,4,-21,8,7,4,-1
610147341981,-1,5,0,22,30,1,-7,1
610147357040,4,-3,0,30,-20,-38,-7,6
610147357040,-1,5,-19,14,-3,-15,-6,0
610147364305,-1,6,7,-19,-60,-47,-5,-1
610147364305,0,-1,-15,-33,-28,-4,-6,-5
610147379974,2,-7,-8,-2,-24,13,-4,0
610147379974,-1,-4,-3,16,14,13,-1,-3
610147380749,-4,-5,-8,7,53,-92,-4,-3
610147380749,1,-4,2,32,19,19,-3,0
610147395786,-2,4,-12,0,17,-66,6,-3
610147395786,-1,2,-6,-63,-27,110,9,-3
610147401753,5,0,11,-7,-9,122,1,2
610147401753,-4,-3,16,35,0,97,-6,-1
610147433127,-3,-4,9,58,49,28,3,-1
610147433127,-1,-7,4,50,11,-40,1,1
610147434741,-1,7,-2,37,8,-56,0,3
610147434741,-1,4,1,-4,-3,-32,-2,-3
610147439917,3,1,9,-48,-15,41,-5,1
610147439917,-5,2,-5,-35,28,1,-4,-3
610147440724,0,-8,-28,-14,-4,27,-2,3
610147440724,-3,-3,-2,-28,-30,4,3,-2
610147455766,-1,7,5,-38,-23,16,0,1
610147455766,-2,-4,-6,-8,-25,-49,0,0
610147461752,1,2,0,45,19,28,1,-3
610147461752,-3,-5,-2,-29,-48,-6,-1,-2
610147476818,-6,-1,-8,21,20,-19,-3,0
610147476818,-4,3,8,18,-66,-46,3,-2
610147484316,0,-1,9,26,-14,-15,1,-1
610147484316,4,0,1,8,-7,-49,5,-2
610147499990,-1,-1,-4,13,0,-4,2,-1
610147499990,0,-5,-7,24,29,-11,1,1
610147500720,-1,6,4,-18,3,-48,4,1
610147500720,0,-3,-7,-7,10,0,2,-3
610147515781,-2,-2,-6,1,-20,35,-8,-1
610147515781,3,-4,-1,-20,18,4,-5,-5
610147521754,-6,-3,0,5,-7,9,-5,-2
610147521754,-2,0,-16,-9,37,-16,0,0
610147536776,1,-2,-1,-3,13,14,-1,1
610147536776,-4,3,6,5,1,6,1,1
610147544271,-1,-4,2,-38,5,60,-1,0
610147544271,3,-5,11,-14,0,2,-8,-1
610147559704,2,3,-2,-14,-5,-89,-3,0
610147559704,-1,-3,5,63,6,5,-3,2
610147566832,2,-5,-5,-42,8,-15,1,-5
610147566832,-6,-7,-3,25,4,10,0,2
610147575799,1,0,4,-1,-17,-22,1,-5
610147575799,-1,-5,-3,-19,-12,-6,2,-3
610147581788,0,1,-14,48,-1,-21,2,-2
610147581788,2,0,2,41,-14,-36,2,3
610147596742,-4,-5,1,-8,0,8,-3,2
610147596742,2,1,5,-53,5,-15,-2,-1
610147604227,-1,-3,18,-40,-40,-1,3,1
610147604227,-2,3,-6,6,-4,-12,0,-5
610147620192,-2,2,19,-32,4,14,5,-1
610147620192,3,6,47,-98,-75,72,2,5
610147620783,-2,-6,4,67,3,-58,-7,-4
610147620783,-3,-4,-15,64,11,-26,-8,-9
610147635867,-2,-1,-34,94,7,12,-9,-3
610147635867,-3,-4,-14,83,3,20,-3,1
610147641845,-3,1,1,-4,-8,17,1,0
610147641845,-4,-5,3,32,14,4,0,1
610147656921,-2,-1,6,13,16,19,1,0
610147656921,-1,-3,-13,-30,36,-20,0,0
610147664339,0,-3,2,-12,-38,-3,-1,1
610147664339,3,-1,-3,-38,41,-12,-3,-2
610147695808,2,7,1,-78,-25,4,-6,-3
610147695808,-6,0,-3,29,-17,-14,-6,0
610147697265,-2,-1,-8,2,-3,7,-3,-1
610147697265,0,5,10,-55,-29,-8,-6,-2
610147718346,5,5,6,-15,-20,-14,-3,2
610147718346,-1,-5,-17,18,16,3,1,-2
610147719830,-2,-1,0,-7,20,-2,-3,-4
610147719830,3,1,7,-32,-23,-21,0,2
610147748308,-1,-7,-1,5,11,-16,3,-2
610147748308,1,-7,-16,46,10,-97,-2,2
610147749765,2,-2,-5,18,22,46,0,2
610147749765,0,-1,-5,8,6,24,2,1
610147755836,-6,-4,-13,27,-3,22,-1,-4
610147755836,1,2,1,-16,-26,11,1,1
610147757219,-4,1,2,-18,-19,30,4,3
610147757219,3,-5,7,-3,-7,5,5,1
610147762613,-1,-1,3,4,5,39,4,-1
610147762613,2,-2,6,21,7,-31,4,-1
610147763306,-3,-1,1,10,14,92,4,-2
610147763306,0,6,16,45,-2,54,0,0
610147792725,-1,-6,0,-38,-8,-33,-3,-1
610147792725,1,-5,-2,-32,-11,22,-5,-1
610147806899,1,1,-23,22,-8,-39,1,-2
610147806899,-1,5,-1,27,-7,-10,1,0
610147823178,0,-1,4,14,3,-7,-3,-2
610147823178,-3,2,-5,18,13,18,-2,-4
610147824815,-3,-2,16,-17,12,-28,-2,-1
610147824815,-7,-3,-12,7,2,-26,-2,-1
610147845890,-4,1,-11,43,10,6,-5,2
610147845890,2,2,2,11,8,-12,-5,-1
610147847368,0,0,8,-6,2,-11,-6,-1
610147847368,-5,0,-8,-18,8,-8,-3,-4
610147868204,1,1,6,17,17,-13,-3,2
610147868204,0,2,16,-89,-81,9,4,2
610147869764,3,0,-9,37,10,-19,0,-4
610147869764,6,0,-8,53,14,-7,-6,1
610147898275,0,2,-5,42,-16,4,-5,-7
610147898275,0,2,4,2,14,12,1,2
610147899816,0,-2,-1,-20,-3,-3,-1,3
610147899816,0,-4,1,-7,-13,2,2,-3
610147905093,-3,1,1,-49,-12,-8,3,0
610147905093,-4,-1,2,-13,-9,12,-5,-1
610147905841,0,-2,3,3,-30,-30,-2,-1
610147905841,-3,-4,-6,17,1,53,-7,3
610147913237,-3,-4,1,23,5,-8,-1,0
610147913237,-5,0,-17,42,17,-32,-4,-1
610147913974,-3,-1,-5,25,-5,-16,-3,-4
610147913974,-2,2,4,-51,-20,-14,-3,0
610147919274,-1,-6,2,-32,-8,7,-2,-3
610147919274,0,-3,-5,-14,11,23,0,-1
610147926821,-4,1,0,-3,25,11,-1,1
610147926821,-3,-1,3,-38,10,27,0,1
610147958288,1,0,1,-76,-3,-38,1,0
610147958288,-3,-4,-3,-4,25,36,-1,0
610147959723,-1,0,2,-3,-11,-21,0,-2
610147959723,-2,-1,5,-17,19,0,3,3
610147965164,-2,-1,-1,17,-4,-3,1,1
610147965164,-2,-5,-3,3,-4,-1,-1,-6
610147965815,3,4,3,-9,-16,16,1,-2
610147965815,-1,2,-1,2,-4,-2,0,0
610147979506,1,1,-2,-8,9,2,2,-4
610147979506,5,7,-2,8,0,-11,2,-4
610147987006,0,0,-5,7,-7,7,-6,-2
610147987006,1,-1,-2,22,3,-24,-1,-3
610148018357,-3,4,-2,7,-9,13,-1,2
610148018357,-3,-1,5,-45,1,-8,-6,-6
610148019782,4,-3,7,-42,-3,-14,1,-2
610148019782,-4,-1,-3,-42,-11,-28,-3,-1
610148040698,0,-2,-1,31,-3,6,0,-5
610148040698,-4,-1,20,18,6,6,4,-3
610148042339,-4,-1,-5,-25,16,2,-3,3
610148042339,-3,3,-2,-19,-20,-12,1,0
610148062707,-2,0,-1,11,-17,-12,-2,1
610148062707,4,0,-9,25,-15,0,-7,-3
610148070684,-1,-1,-2,8,-3,-6,3,-2
610148070684,3,-2,2,10,0,7,-4,-1
610148071461,-1,1,-1,15,8,8,-1,-1
610148071461,2,2,-9,8,14,4,-1,-2
610148077681,-8,3,-1,-2,-5,20,-4,0
610148077681,-1,-2,-1,0,3,-3,4,-1
610148078382,2,-3,-2,-13,-3,6,0,-1
610148078382,-4,-2,-7,10,4,10,0,-2
610148084545,0,-1,-1,-15,-3,3,-3,-3
610148084545,-2,-1,-1,1,4,-8,4,-3
610148099458,2,0,0,-4,5,9,-2,-2
610148099458,-5,-2,-4,18,0,10,-1,5
610148107028,-1,-4,-4,18,-9,-8,2,1
610148107028,-1,-4,-1,-2,-1,-7,-1,-3
610148122589,0,-1,5,-17,-5,3,-6,1
610148122589,0,2,-5,-11,-1,-20,2,-3
610148123266,-2,-1,-3,7,-8,-21,-1,-3
610148123266,2,-7,-5,-5,-5,-11,1,-2
610148136969,-2,-3,-5,-23,4,2,-1,1
610148136969,-3,-3,-6,-18,8,-10,-8,-4
610148144424,3,-1,-2,-1,4,2,-5,-2
610148144424,0,1,-1,2,-18,-12,0,0
610148159411,-1,1,-5,0,-3,-4,-1,-2
610148159411,0,-3,2,-6,0,-5,3,2
610148166955,1,-3,-9,-1,-4,-7,2,0
610148166955,1,1,1,0,4,12,-2,-3
610148182717,-4,-3,-2,2,-11,9,-2,-4
610148182717,-2,1,-1,-5,-5,11,0,-1
610148183300,2,1,7,1,-11,-21,1,-3
610148183300,-2,-3,3,-23,8,3,-1,2
610148196945,0,-4,2,8,-1,-1,0,-2
610148196945,1,3,-1,12,9,-25,2,-3
610148204431,-1,3,-4,-14,8,5,2,2
610148204431,1,3,-5,7,5,-5,-2,1
610148219522,2,-1,-5,23,2,-19,4,3
610148219522,-3,-2,-5,2,9,18,-5,-2
610148226891,-2,-6,0,-21,-12,33,-2,1
610148226891,-5,-2,-3,7,-8,-13,1,-2
610148242527,-2,1,0,0,4,4,0,-3
610148242527,-2,-4,0,23,5,-25,5,4
610148243221,-2,3,3,-36,-16,20,-4,1
610148243221,-8,-8,-2,1,-3,18,-5,0
610148256939,-3,-1,-2,-20,-11,-51,-4,-5
610148256939,2,-4,-1,12,-4,-27,-2,-1
610148264437,1,3,-8,4,14,-33,-2,-2
610148264437,-1,0,-1,-21,-9,-6,-5,-1
610148279354,0,0,1,-20,22,1,-5,-4
610148279354,-2,0,2,-20,-4,-6,1,-2
610148287011,-2,2,-2,29,11,-7,1,0
610148287011,-1,4,-3,0,4,15,3,-4
610148302510,-2,-4,4,-35,17,31,3,3
610148302510,-3,0,5,45,2,7,-5,-3
610148303300,0,-1,1,1,13,3,-2,-4
610148303300,3,0,-4,5,0,-27,-3,-4
610148340863,0,0,-3,-4,0,-11,0,-1
610148340863,-1,1,-17,-6,27,13,-1,-2
610148342303,-1,-3,43,-5,-15,7,-2,0
610148342303,-2,-2,6,-32,6,9,-2,-3
610148347634,-3,-6,-15,-2,-9,43,-2,-2
610148347634,5,-5,2,-31,-18,0,0,3
610148348384,0,1,4,27,-20,-3,2,-5
610148348384,0,-1,-2,-14,-10,21,-1,-4
610148362392,-4,1,5,5,-19,-3,0,0
610148362392,-1,4,-4,-2,-17,-28,0,-1
610148370064,-1,-3,-17,4,13,-23,-2,-4
610148370064,2,-4,2,-25,-43,-18,-1,-2
610148376898,3,-2,-7,-7,-10,-2,-1,-2
610148376898,0,-4,2,-18,7,24,0,0
610148384408,-2,-2,-6,-37,4,14,2,-1
610148384408,0,-8,-5,29,4,-2,1,3
610148399483,0,2,6,-16,4,-11,0,1
610148399483,0,4,-2,-2,5,1,-3,-2
610148406899,-3,-3,-3,-48,-1,4,-5,-2
610148406899,-3,3,-3,-29,-10,-35,3,5
610148445814,5,3,0,13,-19,0,-5,0
610148445814,-2,-3,9,20,-20,-5,-5,3
610148447259,-2,2,-10,28,-24,-3,0,0
610148447259,3,-1,2,18,-6,10,-4,2
610148460060,-2,-3,0,13,1,25,-1,0
610148460060,0,3,-2,-39,-19,35,4,-5
610148467004,-1,0,1,35,18,3,2,-6
610148467004,1,0,-4,-13,11,4,-1,-3
610148483239,-1,-1,-2,-22,12,-21,5,0
610148483239,0,-3,1,-8,-9,0,-3,-4
610148484728,-3,-7,-3,7,-1,4,-6,-3
610148484728,-2,-3,-6,21,2,-7,-2,-2
610148498307,-2,3,6,0,-8,3,0,-6
610148498307,-1,1,-8,-5,-4,-1,-4,0
610148499796,1,0,-7,-45,-55,18,-2,0
610148499796,-4,-4,-8,0,-13,-13,2,-3
610148513268,-1,0,-2,29,-1,-17,0,-2
610148513268,-3,-2,-8,-72,25,6,-3,-3
610148514816,0,-11,2,22,13,-46,0,-1
610148514816,-7,13,-9,26,19,46,1,-1
610148519353,-7,-17,11,-26,-17,7,3,2
610148519353,-7,13,-12,56,5,4,-2,0
610148527004,5,-15,6,-25,11,-5,4,6
610148527004,1,10,-9,27,4,22,0,1
610148542659,3,-6,8,-47,20,-15,5,4
610148542659,1,-4,14,31,-48,23,3,6
610148543304,-8,25,-22,36,50,56,-10,0
610148543304,9,-29,34,-86,29,-13,10,8
610148557029,0,20,-19,127,-11,-3,5,-1
610148557029,1,15,4,-56,-6,19,-8,-6
610148564495,5,-32,30,-99,7,-20,13,6
610148564495,1,7,-31,110,-27,-27,-1,-1
610148579439,-5,8,8,-33,19,86,-8,-3
610148579439,0,-12,22,19,6,-3,7,-7
610148586980,1,3,-19,75,6,49,1,0
610148586980,-3,8,-25,-29,-20,-21,-5,-4
610148602653,-1,-21,23,-18,10,26,3,1
610148602653,-3,8,-9,8,-14,-8,0,0
610148603308,-3,2,9,29,-4,2,-2,1
610148603308,-1,-3,5,60,2,36,0,-6
610148616865,-2,8,-19,40,-34,-3,-9,0
610148616865,-2,-21,3,43,26,27,5,4
610148624505,-6,10,-25,-36,-19,5,-3,-5
610148624505,3,0,20,-70,-22,45,0,4
610148639362,1,-8,-14,5,-1,-28,5,0
610148639362,-3,2,-14,-47,4,-22,-1,2
610148646959,3,0,32,-18,6,-48,1,-3
610148646959,-5,1,-13,24,8,-16,3,-2
610148662561,0,0,-18,-44,-17,-67,0,-1
610148662561,-1,-4,-3,-2,1,2,-1,-1
610148663284,-3,7,-25,16,-17,42,-4,0
610148663284,-1,-7,19,-46,2,21,-3,-3
610148678478,-4,2,3,8,-10,-7,2,1
610148678478,-7,-5,-3,-19,-4,-82,0,0
610148684501,-2,-2,-7,82,5,8,2,1
610148684501,-1,1,19,-9,6,93,-4,-5
610148699476,-2,-10,-9,44,30,48,-4,-2
610148699476,-1,-1,0,-33,-12,26,3,-3
610148706894,1,0,6,-56,-18,45,-2,-4
610148706894,-1,-3,4,1,40,-16,-3,-1
610148722675,3,5,2,-3,4,3,-5,-7
610148722675,3,-3,6,-36,-9,-9,-3,-2
610148723384,0,3,-5,-26,0,-56,7,-3
610148723384,3,6,-4,31,5,-1,-2,-2
610148736970,0,-1,7,-26,17,6,2,1
610148736970,-2,-3,-16,2,-16,17,-1,-6
610148744456,-5,-4,-9,-30,10,-10,-5,-5
610148744456,-5,1,-6,47,22,-28,-2,-7
610148759357,-1,0,6,-14,9,7,-2,-4
610148759357,-1,-4,9,-44,-12,1,6,1
610148766895,0,2,-3,49,-7,30,-2,3
610148766895,-3,4,-8,30,-24,-4,1,2
610148798249,0,-2,8,-38,-1,-5,2,0
610148798249,-1,-3,11,-25,-17,10,-5,0
610148799798,-1,-5,6,-34,5,-7,1,-1
610148799798,-1,3,0,-33,-25,26,2,-2
610148819451,-1,-1,-1,10,17,5,2,-1
610148819451,2,3,-1,79,20,18,-6,4
610148828379,-4,-1,-4,-44,-31,1,0,-3
610148828379,-1,-4,-4,-9,6,-3,0,-1
610148850852,1,1,-1,10,-8,12,-2,-6
610148850852,-4,-4,0,33,19,0,-3,-1
610148852337,0,4,-14,121,-1,-9,-3,-1
610148852337,-1,0,3,28,13,-10,1,0
610148873875,2,0,-14,19,4,-24,-4,1
610148873875,-2,3,-3,41,16,13,2,-2
610148876273,-2,0,-2,7,18,-21,-5,-7
610148876273,2,0,1,-1,-7,-11,1,-4
610148894404,-3,3,-44,13,-13,17,0,-1
610148894404,1,-1,-4,15,-6,-16,0,0
610148903378,1,2,2,44,20,18,-1,-3
610148903378,-1,-4,9,-31,-6,1,1,-2
610148910789,-4,0,10,-10,6,-8,-1,1
610148910789,1,0,-3,-17,7,1,-1,-2
610148911464,4,2,0,5,6,1,-4,0
610148911464,2,-3,-5,-34,20,-26,-4,3
610148912295,0,3,1,25,-9,-12,-1,-1
610148912295,1,2,-9,26,1,5,2,0
610148918325,-2,0,8,-14,-1,9,-4,1
610148918325,1,2,-2,-2,-3,-8,-3,0
610148925004,-4,-1,0,-2,-14,-9,0,-1
610148925004,-2,2,-3,41,13,18,-2,-4
610148925779,-2,-7,-7,6,26,4,-2,-3
610148925779,0,-3,-5,-41,-38,3,0,-3
610148939527,-7,-3,12,-18,18,23,0,-1
610148939527,-6,-7,-1,-17,-8,-4,1,-5
610148947010,-1,-7,6,-29,-20,1,1,-1
610148947010,-2,-3,-4,9,19,-3,-5,3
610148962022,8,-7,5,-46,62,2,-1,-3
610148962022,0,-2,-4,32,23,-9,-5,-4
610148970023,-1,1,-1,-4,-15,-13,-2,-4
610148970023,-1,4,-9,42,-12,8,-2,-2
610148985115,-2,-2,6,6,-25,6,-3,-1
610148985115,-1,-2,7,-8,12,-1,-1,0
610148985871,-3,3,0,-22,25,-4,-4,-1
610148985871,-3,-2,-5,2,14,1,0,-4
610148999407,3,2,-5,11,-6,25,-2,-3
610148999407,0,-1,-4,-12,-20,5,-1,1
610149006870,-5,-1,0,-46,-23,-1,-1,0
610149006870,1,-4,4,-16,-11,-4,1,-3
610149022322,-6,-2,-1,-43,-60,-39,2,0
610149022322,0,2,-3,15,13,-10,0,-1
610149030095,3,5,-2,32,-8,24,5,-2
610149030095,3,-7,0,37,-37,-4,-2,0
610149045143,-3,-2,1,36,-2,10,-5,-4
610149045143,5,-1,-1,11,-16,3,0,1
610149045794,-4,1,0,10,4,-31,0,2
610149045794,-1,-1,-1,3,7,11,3,-1
610149059455,-1,-1,14,-14,31,-10,2,-2
610149059455,2,3,4,-40,-15,-18,-3,0
610149066894,1,-6,12,-39,-15,-1,0,1
610149066894,-1,-1,-3,-25,4,4,2,-1
610149105052,-1,-3,3,-9,-9,14,-5,1
610149105052,-1,0,0,-22,1,7,5,3
610149112642,1,-1,-4,9,21,9,0,-2
610149112642,-6,2,10,-52,-9,-5,-1,-2
610149127656,2,0,-5,40,2,-8,-5,1
610149127656,-1,-2,4,-25,18,-3,-3,-4
610149128333,0,-4,-2,-43,-46,5,-6,0
610149128333,-3,-3,2,12,15,3,-4,0
610149143211,1,1,1,12,-6,5,-2,-1
610149143211,-5,-10,5,-49,-34,-43,-7,-8
610149144827,-3,-12,4,-39,-24,-3,-10,-7
610149144827,-3,-2,3,-71,2,11,-1,-4
610149157672,-9,-6,-7,-81,-53,-11,-4,-1
610149157672,-7,-11,-6,-23,-13,-1,-3,-4
610149165789,-6,-11,-9,-88,-24,-39,-7,-7
610149165789,-8,-5,1,-88,-20,-13,-5,-3
610149166493,-1,-8,-12,-95,-33,4,-6,-2
610149166493,-2,-9,7,-13,1,2,-3,-7
610149167291,-3,-3,-17,-5,-16,11,1,-1
610149167291,-7,-17,-5,-47,28,-17,-5,-6
610149179371,-5,14,-1,29,1,0,-5,-3
610149179371,-3,-23,-14,-128,-4,-18,-5,-3
610149186855,-6,7,-8,-18,36,0,2,-3
610149186855,-2,-11,10,24,-20,-20,-2,3
610149201817,-3,-11,-18,-110,31,19,5,-2
610149201817,-2,23,12,41,-41,10,-3,-1
610149210061,-1,-29,-3,-69,-6,13,4,1
610149210061,2,23,-5,-76,-16,-23,2,-7
610149224967,-1,-16,-10,45,0,14,-4,-3
610149224967,2,12,11,-51,4,-19,0,-2
610149225746,2,-13,-10,-16,16,17,-6,1
610149225746,-6,3,-2,-15,7,-25,-3,-1
610149239426,-5,-9,6,89,-5,-4,5,-2
610149239426,0,4,-7,-47,-22,-17,-1,-3
610149246980,1,7,8,127,6,10,-1,-2
610149246980,2,-11,-3,-21,-12,25,1,3
610149262030,-6,8,5,47,2,2,-5,-1
610149262030,0,-14,-14,-32,15,5,1,0
610149270212,1,11,7,7,26,-10,2,-2
610149270212,-2,-7,0,32,-52,11,-2,-3
610149285129,4,2,-4,-101,-38,1,-2,-6
610149285129,-6,0,-13,54,71,5,-1,-1
610149285849,-5,-1,-3,-45,-20,-35,3,0
610149285849,2,-4,-8,-8,4,-6,-4,-3
610149299538,-5,-6,6,-65,16,-10,1,-3
610149299538,1,-6,-12,20,-63,28,-4,-2
610149306962,4,7,11,-40,-16,9,-4,-3
610149306962,-1,-1,1,37,-19,14,-1,-1
610149322034,5,1,0,5,37,10,0,-1
610149322034,-4,-2,2,5,-8,-22,4,1
610149330030,-1,-3,-6,20,1,6,2,-2
610149330030,-2,1,-2,23,-40,-4,-1,2
610149368346,2,-3,6,0,-5,-12,-6,0
610149368346,-1,2,-3,-4,5,8,-2,0
610149369838,0,1,0,27,-6,-6,1,-2
610149369838,1,0,-3,-6,30,-5,1,0
610149382598,1,2,0,39,9,-10,7,2
610149382598,-1,-1,-2,27,20,15,-1,3
610149389509,-2,0,-3,-16,-23,-8,1,1
610149389509,0,2,-4,22,21,-7,-6,-1
610149405768,5,4,0,62,22,2,8,0
610149405768,10,7,1,31,13,2,3,2
610149407311,4,4,4,72,24,5,4,2
610149407311,7,0,-2,51,26,11,5,5
610149420865,0,1,0,33,-1,-14,-2,3
610149420865,2,1,8,46,3,1,-3,0
610149422274,4,7,8,67,-24,6,-1,-1
610149422274,4,-4,-2,3,14,14,3,-1
610149435756,2,2,5,39,-8,-6,-3,-4
610149435756,0,4,-10,8,-22,4,-1,2
610149437373,-1,-9,2,75,-12,-32,-2,0
610149437373,-3,8,-10,44,-12,15,-3,1
610149450110,-4,-8,6,37,-25,-8,-5,-7
610149450110,0,-9,-16,-22,17,-2,-7,-4
610149457030,-2,12,11,52,-10,-3,-2,-3
610149457030,-3,-32,-14,-67,18,-13,-4,-4
610149473059,-2,21,-3,-16,-27,-4,-6,-7
610149473059,-5,-23,6,60,-38,-3,-4,-2
610149479570,-2,-12,-18,-128,2,-15,-4,-9
610149479570,-8,25,-1,-7,-39,4,-9,-6
610149495838,-5,-21,7,-36,-53,3,-7,-3
610149495838,-3,-30,-8,-128,9,9,4,-1
610149497288,-11,31,-16,-71,-36,7,-13,-8
610149497288,-5,-27,23,122,-13,1,-8,-6
610149502026,1,-47,-24,-128,-28,-34,3,1
610149502026,-11,58,-8,-23,-28,-7,-6,-10
610149510102,-5,-36,19,-7,-6,9,-7,-4
610149510102,-2,-45,-18,-65,-26,-30,8,1
610149525156,-16,47,-18,-52,-43,2,-10,-2
610149525156,-4,-13,23,65,22,0,-14,-5
610149525890,2,-68,-7,-116,-11,-28,4,0
610149525890,-14,38,-27,-100,-75,-3,-10,-4
610149547663,-4,25,11,13,40,14,-7,-4
610149547663,6,-57,24,80,-7,-33,10,2
610149548353,-3,10,-25,-56,-28,16,-6,1
610149548353,-4,31,0,-41,-12,11,-9,-8
610149561926,3,-25,0,-50,8,-13,4,-4
610149561926,2,-5,-2,55,16,2,-1,-2
610149570164,-8,11,-3,106,5,28,-4,5
610149570164,-5,-13,8,-58,13,-4,4,0
610149585111,5,-7,-1,-16,-1,4,3,-3
610149585111,1,8,-4,-28,-26,-15,0,-8
610149585901,2,0,-1,-12,0,-7,-1,-3
610149585901,-2,14,10,18,-4,-4,-3,-5
610149607684,-1,-23,-2,45,-2,4,-7,-1
610149607684,-1,9,-8,29,3,0,-2,-4
610149608282,1,10,6,-30,28,-8,-1,-3
610149608282,4,-13,2,12,15,-2,0,-1
610149621911,-2,7,2,-83,-30,-2,1,-2
610149621911,-4,4,-9,-50,-12,12,1,-1
610149630227,-4,2,-3,-59,-24,0,0,-2
610149630227,7,-7,-4,10,2,2,-3,2
610149645184,-4,-7,-2,62,5,-7,-4,3
610149645184,-4,7,-8,-1,-2,1,-3,-2
610149645853,1,3,3,13,10,1,-1,0
610149645853,2,-2,1,53,22,4,3,-1
610149659536,0,0,0,28,-1,-11,2,-3
610149659536,2,5,-1,-37,-19,0,0,2
610149666955,1,4,-2,41,-10,-1,0,-1
610149666955,2,-3,-1,-2,7,3,1,1
610149682017,-3,-2,-2,-6,-22,5,-1,0
610149682017,-8,-3,-2,-3,-1,6,0,-1
610149690089,5,3,-4,-24,-3,1,-4,-6
610149690089,2,-2,-1,7,15,-5,5,-2
610149704519,-4,-3,4,-19,6,2,-1,2
610149704519,1,-2,0,-9,-1,15,-3,4
610149712642,-3,0,4,-2,5,-3,0,3
610149712642,0,-5,0,3,4,1,-1,0
610149719404,-1,-2,-2,8,4,-1,7,-1
610149719404,-2,1,0,-21,-10,3,-5,3
610149726849,2,0,-3,24,7,2,1,2
610149726849,-2,1,-4,30,13,1,-4,-3
610149741879,5,0,-4,36,4,-6,-2,1
610149741879,-4,3,-3,-49,-28,-7,3,4
610149750202,-2,-3,-4,-1,0,0,1,1
610149750202,1,3,1,-31,3,0,-1,2
610149764430,0,-1,-2,31,10,11,-2,2
610149764430,0,-7,3,-4,2,1,0,-3
610149772715,-1,3,-1,-9,-4,3,-3,2
610149772715,2,-4,-1,9,14,-5,-2,0
610149787727,-1,-1,0,-15,-15,3,-4,1
610149787727,2,-3,-3,27,18,0,3,-1
610149788292,0,-4,-2,18,-3,-10,-1,-5
610149788292,-2,-3,-2,-10,-3,17,-4,-2
610149802040,-2,3,-1,37,21,-1,1,3
610149802040,-1,-4,-8,-34,-14,-6,-2,2
610149810169,-2,-3,3,-8,-3,-1,-7,-2
610149810169,-4,-7,2,-7,-11,-8,0,-4
610149824533,-1,0,2,-6,-8,-5,-7,-1
610149824533,-2,-1,-2,-8,-20,-1,0,-4
610149832688,-4,-2,-4,-22,-5,-8,-3,0
610149832688,1,-3,3,-2,-10,-2,-4,0
610149847682,-1,3,0,-5,-1,1,-2,4
610149847682,0,-3,0,-20,-1,-7,-5,0
610149848370,-1,-3,-3,-10,-4,-6,2,-1
610149848370,-4,0,-6,-15,-23,-12,-1,-4
610149862024,1,-2,-6,-26,-7,-1,1,-2
610149862024,-2,-3,-2,28,16,4,-1,-2
610149870047,0,-2,-5,-39,25,13,1,1
610149870047,-1,0,2,-28,9,2,1,-1
610149884506,-2,0,0,34,37,-2,2,-2
610149884506,-1,1,4,-31,-5,-5,1,-2
610149892780,-4,-3,-1,-32,2,13,-1,-1
610149892780,-1,0,4,-32,-6,-6,0,-3
610149907687,3,-3,5,-6,-3,2,-4,3
610149907687,-3,-7,-5,1,-18,2,0,2
610149908361,0,-1,-1,-4,-14,-6,-1,1
610149908361,-2,3,0,-14,-13,8,-3,1
610149921876,0,-4,7,-12,-1,-2,-3,-6
610149921876,4,7,5,-29,-9,9,-3,-2
610149930106,6,-3,2,-16,6,2,-2,-1
610149930106,-5,0,-9,0,-15,8,-2,4
610149967663,1,-1,-8,24,0,20,1,0
610149967663,0,1,-8,18,-4,19,-2,0
610149975889,-4,-2,-4,-9,-23,8,5,-2
610149975889,0,-3,-4,17,7,8,-3,-1
610149990066,-3,-4,-2,-48,-12,-48,1,0
610149990066,-2,2,-2,-6,-10,-8,-8,0
610149990887,-2,3,2,-12,-1,-6,-2,-3
610149990887,0,1,2,-14,15,-16,-4,-3
610150005728,-2,-4,-1,-15,5,0,-3,-4
610150005728,1,-5,6,0,32,3,-4,4
610150007302,-2,-3,2,-3,-11,-12,-3,-4
610150007302,-3,-1,-1,47,13,-4,0,3
610150020791,-2,0,-2,29,13,8,-2,-5
610150020791,0,-1,-9,44,39,-8,3,1
610150022381,-6,-3,-3,41,36,2,5,-2
610150022381,0,6,-1,44,3,-2,1,4
610150034498,-3,5,-5,-22,-12,5,2,3
610150034498,-5,-9,-3,22,17,-7,3,0
610150043450,-2,10,-1,89,29,1,3,0
610150043450,-1,-9,-13,-47,38,-2,8,1
610150057485,-3,14,13,124,33,-3,0,-1
610150057485,2,-22,4,-16,0,6,7,5
610150066543,0,19,6,77,71,-1,-2,5
610150066543,0,-13,16,31,26,24,4,4
610150067294,8,7,-9,44,34,6,3,2
610150067294,0,19,16,68,53,3,3,2
610150072583,4,-19,-15,-59,-27,14,9,7
610150072583,4,33,-10,83,24,-7,5,2
610150087558,-1,-5,14,63,92,38,3,3
610150087558,3,-6,-4,-105,-54,12,10,4
610150088317,2,40,-15,-36,53,0,3,9
610150088317,5,3,21,98,59,19,-2,7
610150101811,8,-37,-9,-3,-55,6,13,9
610150101811,-5,64,-6,-38,34,-4,-8,-6
610150110108,-2,-13,23,127,104,17,-6,-2
610150110108,6,-37,0,-128,-92,-4,6,-1
610150124464,-13,22,13,5,-11,-22,-1,5
610150124464,-5,-2,12,13,2,22,0,-1
610150132731,7,-11,-6,-128,-41,-18,4,1
610150132731,-3,23,7,77,61,18,2,-3
610150147776,-3,-4,-17,-83,-6,4,-1,2
610150147776,5,-5,-15,-35,-8,-20,-4,-3
610150148358,-4,3,4,5,-29,3,-5,-2
610150148358,0,-12,-16,-109,-32,-9,-2,3
610150161996,0,16,-1,-29,-9,-46,-4,-3
610150161996,2,-10,-9,78,38,29,-6,4
610150170217,6,-5,-4,48,-3,-1,-1,-1
610150170217,-4,3,-2,13,1,-3,-4,-2
610150184535,-2,-8,-4,10,-2,12,-3,0
610150184535,0,-4,3,-28,-30,-14,6,1
610150192578,0,-1,2,-86,-72,22,1,-4
610150192578,1,2,-1,-20,-4,-8,-5,0
610150207681,1,-1,-4,-18,35,9,-1,2
610150207681,2,-10,-1,-82,-53,-16,2,-4
610150208384,-1,-3,0,-46,-29,-11,-5,-3
610150208384,-3,3,3,3,-13,5,-1,-4
610150222105,0,6,-7,-51,-49,-12,0,-7
610150222105,-4,-1,-27,-6,-4,-2,-1,-1
610150230125,3,-5,-7,4,-5,-9,0,-1
610150230125,-3,3,-4,-6,1,13,1,2
610150244497,1,-6,4,9,13,7,-4,-4
610150244497,-2,0,2,90,52,-1,-1,-2
610150252716,-3,-1,-2,-19,-31,4,0,1
610150252716,2,-4,-5,-83,-41,-6,-2,-5
610150267683,-3,-1,-5,-67,-35,0,1,-3
610150267683,0,-1,3,-83,-34,3,1,0
610150268407,-4,0,-4,88,70,-2,1,1
610150268407,-4,3,-4,-30,-2,-7,1,1
610150281991,0,1,-8,-56,-17,1,-4,2
610150281991,-2,0,4,-73,-35,-3,-1,-1
610150290181,-3,-5,8,-43,12,-4,1,3
610150290181,-2,-2,-2,5,7,-16,-3,-3
610150304533,0,-3,8,-21,7,12,0,-2
610150304533,-1,0,11,34,9,4,-2,1
610150312583,3,0,21,-24,-27,9,-2,0
610150312583,0,-1,21,0,-27,0,-5,-4
610150327724,1,-2,16,5,23,0,0,-3
610150327724,0,0,38,-18,6,-4,2,-2
610150328315,-4,-2,-4,-2,39,-9,-3,-3
610150328315,3,-3,-10,-40,-48,-4,3,1
610150342049,-4,3,-14,-29,-12,-11,0,3
610150342049,0,-1,-27,5,-29,-5,-1,0
610150350177,-1,6,-12,-30,-41,3,-3,-2
610150350177,-4,5,-20,-6,-4,5,0,-1
610150364444,3,-3,-3,-29,-39,-1,1,-6
610150364444,-3,-7,-5,49,-9,8,1,4
610150372734,-2,-5,5,-8,-15,-1,-3,-2
610150372734,-2,-1,-3,5,10,-5,2,-5
610150387596,3,0,7,-9,-26,2,1,-3
610150387596,-2,-3,4,-57,1,4,-4,-6
610150388339,-2,-1,5,-51,-40,0,1,2
610150388339,-6,-5,3,-55,-18,-5,-2,3
610150401934,3,0,-3,30,5,2,-3,-1
610150401934,4,-1,-12,65,31,5,3,-1
610150410275,2,-1,-7,-43,-39,-4,1,1
610150410275,1,3,6,0,-4,3,-1,4
610150424519,-2,1,11,7,31,6,-1,2
610150424519,0,2,10,47,13,4,-4,1
610150432657,4,-2,1,-39,-33,-6,-1,-1
610150432657,1,-1,-1,18,-10,-4,-5,-1
610150447673,0,-2,-10,0,-18,-2,-2,-4
610150447673,-4,5,-8,42,-19,-8,1,-2
610150448425,-4,-1,-3,-32,-14,1,1,-3
610150448425,0,1,0,-27,-4,-13,-1,-3
610150461913,0,-1,-4,-51,-24,4,-3,0
610150461913,-2,0,-2,30,58,-11,-6,-4
610150470161,-3,3,6,-56,7,-7,1,-1
610150470161,-2,0,2,-10,61,-11,-2,-1
610150484388,-4,-3,3,-17,30,-7,-4,-4
610150484388,-1,-4,2,-87,-25,-11,4,0
610150492602,1,-2,-6,19,2,0,0,0
610150492602,0,-2,2,-15,-7,5,-1,-1
610150530779,4,5,-7,-10,-28,0,-4,-2
610150530779,0,0,-16,-63,-29,12,1,1
610150532289,2,2,-21,38,-7,10,2,-2
610150532289,-2,-3,-4,-54,-71,22,-1,-1
610150544551,4,-1,-14,-7,-18,-1,-2,-2
610150544551,-1,-2,8,-57,-74,-13,-6,3
610150552121,-1,-6,-1,77,50,-40,-2,-3
610150552121,2,-1,11,-34,-9,0,0,1
610150568994,-1,1,25,-64,-88,5,2,-3
610150568994,-2,-1,3,68,44,-9,-5,-5
610150571315,-1,-1,-1,9,-13,-15,-4,-6
610150571315,0,-3,-2,5,-21,-29,0,-4
610150582452,-3,-6,3,8,64,1,-7,-6
610150582452,-4,-5,11,18,27,-16,-6,-2
610150590864,2,-3,22,-58,-54,4,-2,-4
610150590864,-3,-8,2,-5,59,-6,-8,-9
610150597088,-6,-10,0,-65,9,-20,-7,-3
610150597088,-4,3,4,-60,-26,-9,-8,-8
610150606486,-4,-15,-25,-34,14,-20,-9,-7
610150606486,-4,6,3,48,-92,3,-4,-4
610150607360,-3,-23,-32,-108,2,-24,-10,-4
610150607360,-4,-2,-6,-4,31,7,-5,-9
610150612637,-7,-18,-20,-57,-42,-52,-11,1
610150612637,-3,2,-1,-67,-64,2,-4,-8
610150627534,1,-16,-1,-20,-30,25,-6,-1
610150627534,-3,-15,-17,-76,30,35,-4,-7
610150628290,-4,11,17,43,-92,-54,-4,-4
610150628290,-2,-37,1,-53,-12,-9,-4,-2
610150641817,-6,9,-8,-34,-2,-33,1,-3
610150641817,0,8,-4,16,-128,-17,-4,-1
610150650888,2,-19,3,-32,47,21,2,1
610150650888,-7,4,-10,-9,27,-19,-4,1
610150664628,3,6,-5,-22,-53,14,2,5
610150664628,3,-13,-11,65,32,29,2,-5
610150673403,-2,20,-4,-100,65,50,-4,-1
610150673403,1,1,3,-14,12,-24,0,-3
610150687039,-2,-15,4,-3,-5,18,1,5
610150687039,-4,5,8,55,9,-37,2,0
610150695868,-3,-5,-3,70,10,-1,-4,-1
610150695868,-1,7,-11,-27,23,-4,0,-2
610150701965,-6,10,-1,46,-34,-8,5,-4
610150701965,1,-18,-31,-62,-1,38,-3,3
610150710927,-2,3,9,52,6,13,1,-2
610150710927,1,-9,-30,77,52,-32,1,6
610150724515,-4,5,-22,-30,39,-43,-1,-4
610150724515,0,-4,44,-53,-36,-25,1,-1
610150733436,3,-9,-1,64,57,-2,0,-3
610150733436,-2,-3,15,-12,34,-10,-1,2
610150746904,-4,-9,47,25,67,-86,1,3
610150746904,2,1,-36,40,33,-91,2,3
610150755823,1,6,14,2,-85,-89,5,-1
610150755823,0,3,9,70,-22,-84,-3,2
610150770715,2,-5,8,43,9,2,-2,1
610150770715,-5,-9,-70,70,-9,9,-1,-2
610150772266,-5,-7,37,-55,17,-27,6,0
610150772266,1,0,2,3,66,88,3,-5
610150784313,3,5,-49,-89,-42,65,-2,-3
610150784313,1,12,50,-45,0,59,-3,-3
610150793345,-5,1,-1,85,37,-85,-4,-2
610150793345,5,-10,31,-26,-88,-33,-3,3
610150806821,-2,-1,-10,46,-16,-16,-4,-5
610150806821,0,-5,35,-102,-12,-66,-2,-2
610150815891,0,7,-115,44,18,44,-7,-1
610150815891,-2,3,36,-47,-17,-15,-7,-3
610150830699,1,0,-62,96,8,-126,-7,-4
610150830699,-7,-5,0,-85,-63,-124,-10,0
610150832315,-2,-3,-56,34,-98,7,-7,-1
610150832315,-5,0,-42,43,26,68,-4,-2
610150844384,-1,3,86,-53,-89,22,2,4
610150844384,5,5,-34,37,45,-4,0,-4
610150853326,3,-2,123,-81,-47,70,5,3
610150853326,4,-5,0,-32,-55,127,0,-4
610150866851,-2,2,-67,122,-2,86,-2,-4
610150866851,-3,-2,-12,-5,-39,26,1,1
610150875808,0,-11,-1,-46,11,0,-5,0
610150875808,-4,-5,-13,-55,26,-85,-1,1
610150890720,-2,-1,43,-128,-27,-71,0,-6
610150890720,-1,3,12,-100,-57,-112,-6,-2
610150892303,3,0,-21,-81,-63,43,0,-2
610150892303,-1,-1,-2,36,-59,63,-2,-4
610150904378,1,-6,7,41,-97,-15,3,-5
610150904378,2,1,-4,-38,24,28,9,3
610150913382,-1,2,-12,64,55,56,1,-5
610150913382,-3,2,-2,-63,-30,-6,6,0
610150926843,-3,-2,-7,-7,74,3,3,1
610150926843,0,0,16,-52,-51,30,2,-1
610150935923,-3,-4,-5,-9,81,6,-1,1
610150935923,-2,-2,3,-48,56,-67,-2,1
610150950700,1,1,8,-14,64,28,-6,-2
610150950700,4,-2,-14,94,-1,-11,-3,-5
610150952323,-2,2,17,-67,-76,-11,-3,2
610150952323,-3,-1,-4,26,-55,-6,-4,-5
610150964380,-6,-8,2,-3,-21,-14,-5,-4
610150964380,-4,-8,-47,34,56,41,-7,-1
610150973385,-1,-1,-9,24,-101,22,-1,-4
610150973385,0,1,50,20,-17,-50,-3,-1
610150987058,-4,0,6,42,-12,-2,-2,0
610150987058,-1,-2,72,-67,-13,-87,-4,-3
610150995864,-3,-2,40,-41,38,-51,-7,2
610150995864,4,-3,-18,32,55,-37,-2,-2
610151033223,1,-4,-14,45,-17,25,-3,-1
610151033223,-1,-3,47,-24,25,63,-2,0
610151039360,-7,-4,-26,66,27,3,-5,-2
610151039360,1,5,-56,60,3,-65,-6,1
610151046849,-4,4,27,-108,45,-31,0,1
610151046849,2,3,-55,84,4,51,0,0
610151055887,0,-2,-14,-14,14,32,2,-6
610151055887,-5,-1,38,-30,-8,8,4,0
610151070017,-3,-6,-33,65,-13,-23,0,-4
610151070017,-5,-3,8,-31,-10,1,1,2
610151070796,-3,0,-10,-48,20,31,0,-7
610151070796,-4,-5,-55,99,67,-29,-1,-2
610151085675,0,-8,27,30,-20,-5,-3,-1
610151085675,-3,-5,6,2,-69,-2,-3,-4
610151087325,4,-8,51,-38,-49,-54,-5,-1
610151087325,-2,4,17,24,7,15,1,-7
610151100110,-4,2,41,14,-49,68,-6,-3
610151100110,-3,-11,45,-85,47,-28,-4,-5
610151106875,-5,5,-61,107,8,10,-7,4
610151106875,-5,-18,-20,-40,43,39,3,-3
610151114395,-2,12,-45,55,-6,67,-5,2
610151114395,-2,-8,51,-61,-14,27,-5,-3
610151123352,-6,3,-22,43,32,-44,-1,-8
610151123352,-3,-9,83,-67,-9,-25,-7,1
610151138258,1,-15,-58,64,14,-32,5,-5
610151138258,-5,22,-89,127,-11,19,-1,0
610151139957,-1,-22,44,-128,108,55,2,3
610151139957,-3,19,-24,-38,-116,-21,0,-3
610151160730,2,25,-13,36,-85,-56,0,4
610151160730,2,-39,102,-102,104,-11,1,-1
610151162310,-4,-6,-47,6,-128,35,-6,1
610151162310,1,18,-15,127,48,17,-5,-8
610151166847,0,-72,63,-128,111,63,3,7
610151166847,-4,18,-106,13,-28,75,7,0
610151175930,-8,36,32,127,-104,48,0,0
610151175930,5,-75,106,-128,53,-8,5,12
610151190736,0,18,-117,-75,112,-5,-2,-3
610151190736,-4,52,6,117,-78,4,-4,-2
610151192342,2,-57,126,-128,94,-124,6,3
610151192342,-3,11,-128,-40,20,-22,-5,2
610151204424,1,72,103,102,-123,116,-1,2
610151204424,2,-77,52,-93,56,-26,1,0
610151213331,3,-5,-106,-31,87,-128,-1,2
610151213331,-8,59,-1,110,-124,127,-7,-11
610151226964,-1,-25,51,-128,-14,-128,0,-1
610151226964,-2,-12,-34,-50,78,2,-5,-6
610151235816,-4,36,-10,127,-105,127,-12,-5
610151235816,1,-15,6,-23,-56,-51,2,0
610151250718,-3,-12,-45,-99,127,-67,-5,-1
610151250718,-4,24,12,69,-105,38,8,7
610151252300,2,-20,6,55,6,-116,5,0
610151252300,8,10,-2,-55,-42,-78,12,7
610151264368,-1,-5,-16,53,-40,117,-6,-5
610151264368,0,7,-17,68,-3,-55,-1,0
610151273399,2,15,-8,-47,76,28,-6,-5
610151273399,-1,-11,-10,-63,7,-3,-4,-2
610151286873,-2,4,-15,74,53,-53,0,-4
610151286873,-5,5,3,-14,-80,-51,-6,-2
610151295965,-2,-2,-11,22,-74,-64,2,-2
610151295965,-3,3,7,-42,47,-32,-4,1
610151310733,-6,-9,21,-63,-70,-35,-6,-3
610151310733,2,7,-12,-35,-4,-63,-12,-4
610151312345,-1,-9,5,-40,62,5,-8,2
610151312345,-2,-15,-11,55,-1,34,-14,-2
610151324401,0,5,15,22,-128,-117,-6,-1
610151324401,-2,-8,-16,27,7,88,-6,1
610151333349,-2,-4,-11,-36,-27,67,2,-1
610151333349,1,0,-18,23,127,61,3,-5
610151346964,0,2,18,-25,5,108,12,-1
610151346964,2,-1,0,14,71,14,11,2
610151355939,-3,5,0,-81,-15,-4,13,1
610151355939,-4,-8,4,5,-5,8,6,-1
610151370707,5,-4,9,-24,-11,-32,6,-1
610151370707,-2,1,4,-57,11,-28,-1,-2
610151372322,4,2,6,-18,-14,4,0,-3
610151372322,-4,-2,-10,-11,3,-26,5,1
610151384344,2,-3,-15,-34,-33,-26,5,1
610151384344,0,-3,-7,19,46,16,-3,2
610151393373,1,-6,14,-6,19,-12,-5,4
610151393373,-1,-1,8,10,-18,-36,-6,-2
610151406918,-4,-5,7,3,50,7,-7,2
610151406918,-3,0,-16,-54,54,4,-8,0
610151415916,-3,2,-32,90,0,-14,-3,1
610151415916,4,-1,-12,87,-13,-16,-6,-3
610151430720,-1,-3,1,41,25,-16,-5,-2
610151430720,1,4,-9,38,4,-41,6,0
610151432324,2,9,-36,-89,59,20,5,0
610151432324,0,4,20,-40,-35,22,2,-1
610151444351,2,-6,-5,-6,6,45,-1,-2
610151444351,-2,-9,-10,20,-68,-31,-7,-2
610151453375,2,-9,16,-32,-87,-43,-5,-4
610151453375,-2,-6,-8,36,-46,22,2,-3
610151466921,-1,2,-4,-37,-17,-8,1,2
610151466921,-1,3,-49,-47,34,23,4,-1
610151475927,-1,-2,10,-56,24,9,-2,3
610151475927,1,0,6,-107,24,31,2,0
610151490727,-2,-1,-10,-17,1,-26,8,1
610151490727,1,0,12,46,-46,22,1,-1
610151492324,-1,4,-17,34,44,-19,-3,-5
610151492324,-2,-2,19,89,9,-10,-3,4
610151504411,-2,-2,-1,33,26,-12,-3,-3
610151504411,-5,1,24,19,-32,3,-7,0
610151513314,-2,1,12,43,-30,-13,0,0
610151513314,1,4,-44,-35,-5,-30,-5,0
610151526902,-2,-7,1,40,-13,10,2,3
610151526902,0,-6,8,-26,-2,-15,7,0
610151535929,-2,-2,-7,-38,30,55,14,0
610151535929,-3,-3,60,-17,-54,15,13,0
610151550753,2,1,-38,-63,121,30,4,0
610151550753,1,3,103,-24,-47,-6,7,1
610151552338,-3,-1,70,-54,-107,-11,4,1
610151552338,-4,-1,11,-1,24,23,-2,-9
610151564401,-5,4,14,75,-34,42,-14,-4
610151564401,-1,-1,27,15,-69,-18,-8,-2
610151573377,-1,-1,-68,83,59,-5,-15,-7
610151573377,0,-2,9,86,34,1,-6,3
610151586854,1,1,-18,40,-32,-19,-6,-4
610151586854,1,-2,32,5,-29,-4,-4,-5
610151595959,-5,-1,70,26,-18,8,-2,-3
610151595959,-2,1,-80,-6,6,-25,2,3
610151610088,-2,1,-30,26,-38,-41,13,3
610151610088,6,-11,19,98,-62,1,10,2
610151616822,1,-11,-62,97,-98,-6,0,-1
610151616822,-7,17,-3,58,-27,-26,-7,1
610151624310,-2,1,88,-13,-48,-55,-5,0
610151624310,2,-5,20,-60,6,2,-14,-3
610151633353,1,-1,85,52,-51,45,-16,2
610151633353,1,0,62,43,-21,-9,-5,-2
610151646928,-6,10,40,-65,15,11,-19,-2
610151646928,-3,2,-2,6,1,18,-9,2
610151655927,1,2,52,-90,87,42,-14,-6
610151655927,-1,-3,-4,-39,5,28,5,4
610151670089,-1,-2,27,-44,22,-7,15,4
610151670089,6,-6,-101,29,-5,-1,10,-2
610151676969,-1,1,-110,-92,19,-1,6,-1
610151676969,2,3,8,9,-49,21,-2,-2
610151684416,1,1,-30,15,23,43,1,-4
610151684416,0,-1,-51,-7,73,-21,-10,-3
610151693349,1,4,-20,2,11,-59,-16,-3
610151693349,-4,-9,103,100,64,-47,-22,-2
610151706973,0,-9,-29,37,-49,-46,-22,-2
610151706973,-3,1,-8,53,7,-38,-11,-1
610151715900,-1,-1,20,80,-7,-1,13,1
610151715900,-4,-6,-40,39,114,-61,14,1
610151730061,-2,-3,66,-11,-70,48,-8,2
610151730061,-1,6,63,-2,-57,105,12,1
610151736951,-1,-1,-41,30,52,-19,-22,1
610151736951,2,-5,-75,10,43,-20,25,-2
610151753245,-2,2,49,-58,-76,-47,25,-2
610151753245,1,5,-47,-106,-24,38,30,2
610151754889,0,1,12,-17,-113,50,20,2
610151754889,1,-2,-65,-14,-40,0,-8,-6
610151766898,3,-4,20,-20,-57,-20,3,-2
610151766898,0,-4,83,-67,-51,-49,-28,1
610151775927,1,1,77,0,-75,-36,16,-3
610151775927,4,3,127,-128,-94,20,41,-3
610151790091,-4,-2,-32,-32,5,36,-25,-3
610151790091,2,-1,-32,92,39,-6,-22,0
610151796865,1,0,86,-56,-82,-21,-12,3
610151796865,-1,-4,-68,29,-19,29,-7,-2
610151813261,1,-8,-37,61,21,10,4,2
610151813261,-5,-9,-11,110,-3,-33,2,-3
610151814814,0,0,-93,38,110,-19,-3,1
610151814814,-5,-4,-20,9,28,-5,-21,0
610151826946,-1,1,16,70,-7,-7,-4,-3
610151826946,0,4,-50,30,93,-22,-2,-3
610151835930,-1,-1,72,-50,-56,-10,11,-8
610151835930,4,-2,-37,37,0,2,-6,-4
610151850080,4,-2,-66,75,64,-4,6,-2
610151850080,-2,0,-27,-55,22,12,9,-1
610151856948,-3,-6,-7,-15,13,-5,-4,-2
610151856948,-5,-1,30,-51,-46,-11,-1,1
610151873201,-1,0,-12,12,17,5,8,-2
610151873201,-4,-5,-24,-41,28,0,10,0
610151874821,3,-2,18,70,0,-3,5,-4
610151874821,2,-2,-20,-31,2,12,-8,3
610151886878,-4,-7,5,-29,10,5,-4,2
610151886878,-6,4,103,-69,-39,-10,-15,2
610151895924,-1,4,44,-8,-45,0,-6,4
610151895924,-2,1,35,-47,20,-8,-5,0
610151910100,4,-3,-70,0,80,4,4,-1
610151910100,-1,0,36,19,-63,1,2,-3
610151916949,-2,-5,-80,15,42,1,-7,1
610151916949,4,0,-20,-28,1,-5,-8,6
610151933271,-1,1,26,13,-71,1,-4,0
610151933271,-5,-2,-86,-23,105,-11,-1,-1
610151934927,-2,-3,-29,22,60,-3,7,1
610151934927,-1,-3,34,19,-127,-1,-2,-4
610151946957,1,-3,-66,83,49,0,1,-5
610151946957,2,-1,-7,9,-25,-2,3,-4
610151955908,-4,-1,0,-18,11,6,-4,2
610151955908,-3,-2,3,-24,-6,3,-5,-2
610151970107,-4,3,69,-63,-28,-1,14,-1
610151970107,0,-2,-2,21,2,-9,7,2
610151976846,0,-1,13,1,-24,-20,2,3
610151976846,5,-2,8,-25,7,-41,5,-2
610151993236,-1,2,-5,-12,16,26,-3,1
610151993236,4,-1,0,-82,-21,9,3,0
610151994825,-2,-1,-65,17,79,8,9,-6
610151994825,-1,-7,-29,11,27,1,-2,1
610152006953,-1,-3,21,27,-82,-12,-6,-1
610152006953,-1,-1,-60,17,65,1,-5,1
610152015902,3,-1,-18,50,-77,2,-10,-1
610152015902,-1,4,-74,90,107,20,-8,-5
610152030114,-5,-6,29,-35,-32,0,-7,-4
610152030114,-2,0,50,13,-42,-1,-1,-4
610152036983,1,-3,-1,-28,12,2,8,-1
610152036983,-1,5,11,9,-28,3,-4,-7
610152053235,-4,2,-3,-12,29,-5,-3,3
610152053235,1,3,80,17,-77,7,4,2
610152054895,-5,3,1,-12,29,6,-1,0
610152054895,2,-1,36,-40,-72,3,3,-1
610152066893,2,-4,4,-69,49,-15,-3,1
610152066893,-1,-2,20,18,-31,-3,-6,-3
610152075959,2,-5,14,-24,16,-7,-2,-1
610152075959,-7,-2,38,-40,22,18,-3,1
610152090558,-7,2,-20,17,24,-4,0,-1
610152090558,-2,-3,-6,8,10,-17,-6,0
610152096877,-2,2,26,-61,-47,4,-3,-5
610152096877,1,-6,-1,-50,-6,8,-6,3
610152113232,1,-3,-2,-9,-36,-7,-3,3
610152113232,-1,-2,-23,13,14,3,0,5
610152114811,-3,-2,28,24,-31,-5,-1,-2
610152114811,0,1,23,43,-77,-8,6,-2
610152126967,3,-2,9,56,-29,1,1,-2
610152126967,0,-2,5,19,-26,-11,0,-6
610152135895,0,-4,-12,24,9,-17,-9,-5
610152135895,-6,-1,15,12,-26,-3,-3,1
610152150109,2,-4,-9,32,44,-1,-3,2
610152150109,3,1,0,-14,1,3,3,-4
610152156935,1,-3,12,10,17,-3,3,4
610152156935,3,-3,1,-22,-5,-15,-1,-1
610152173281,-3,0,-21,-22,28,-9,-7,2
610152173281,2,-7,-24,-14,25,5,-3,-2
610152174907,0,0,-3,-98,2,1,-10,3
610152174907,-1,1,-43,2,37,1,-6,-3
610152186884,3,-2,-10,-15,17,-4,2,-1
610152186884,-6,2,-8,17,-26,3,-8,0
610152195958,-1,-4,-9,6,12,4,-7,0
610152195958,2,2,-8,18,11,-1,-4,2
610152210101,0,-6,-7,31,3,-4,9,0
610152210101,-2,1,-24,29,14,4,-2,-5
610152216887,3,-1,-31,90,46,-7,10,0
610152216887,0,-3,-23,-8,59,3,-2,-2
610152233223,-2,1,-46,47,18,7,2,-6
610152233223,1,-4,14,-120,13,-1,3,0
610152234836,-2,4,10,86,4,-11,1,-4
610152234836,-3,-2,-2,46,40,-2,11,-1
610152246945,2,4,100,-104,-103,-1,-3,-3
610152246945,-4,-1,86,17,-71,1,-7,-4
610152255896,1,3,66,39,-85,4,-7,-2
610152255896,0,-5,11,-66,4,11,-18,-5
610152270058,0,-1,58,-82,-110,4,-2,-3
610152270058,-3,-1,39,-106,-110,-6,-9,-1
610152276962,0,-3,-18,-128,-30,7,-13,-1
610152276962,0,-3,2,-44,30,6,25,0
610152292319,-1,2,-2,-52,-11,-7,14,4
610152292319,-4,-2,-67,-26,81,-15,18,2
610152300890,-2,-4,-27,14,-8,1,17,2
610152300890,-5,-2,21,34,-9,2,-4,1
610152306946,3,-1,-24,50,-47,-8,-2,-5
610152306946,1,-5,-36,73,-23,7,17,-1
610152315893,-4,-2,24,-17,-47,-1,4,-1
610152315893,2,0,2,26,48,-24,-3,-5
610152330141,-5,-2,-62,80,52,3,7,0
610152330141,2,1,-3,91,35,2,-5,2
610152336928,-2,2,6,-35,25,-2,-14,-4
610152336928,-2,4,-22,79,12,-6,-18,-6
610152353296,0,-9,-10,111,115,-3,-30,-2
610152353296,-5,-8,20,49,0,-5,-12,1
610152354892,2,-7,-1,-110,-62,-5,4,3
610152354892,0,1,6,-86,2,-11,-13,9
610152366878,-1,2,29,-107,75,7,-18,-3
610152366878,1,5,10,-125,-9,3,-20,1
610152375895,-3,4,1,-21,52,0,-20,0
610152375895,-4,0,17,-35,8,10,-7,-3
610152411987,-2,-1,0,-80,-128,-6,20,0
610152411987,-2,-2,-18,-13,-14,3,3,2
610152422403,-1,-3,-8,-51,-94,-6,26,-1
610152422403,2,-2,-19,44,-27,-1,18,-1
610152435745,-1,-1,-33,65,-14,2,23,4
610152435745,-1,-6,-35,127,28,-5,22,4
610152437334,0,-3,-19,59,41,8,15,-5
610152437334,1,0,-37,-54,-1,1,7,3
610152450091,0,2,-1,12,25,1,-3,-2
610152450091,2,-2,-11,27,92,-1,-11,-10
610152456862,-3,-2,-5,21,3,12,-14,-5
610152456862,-2,-2,19,-11,43,-13,-14,-1
610152473276,-1,-4,8,-40,0,-16,-13,-4
610152473276,-3,-2,15,-60,-21,-13,-8,-3
610152474005,-6,-9,17,-29,85,-14,-11,-5
610152474005,-8,-7,8,-82,-3,-5,1,-3
610152487597,-9,-7,-9,-33,-51,1,-10,-4
610152487597,-4,0,-24,18,35,-2,2,-6
610152488313,-1,-6,30,45,35,-12,-10,-8
610152488313,-7,-16,-13,68,-63,-12,-7,-5
610152510729,-3,-6,19,62,20,-6,-15,-1
610152510729,-5,-4,35,51,17,-14,-17,-8
610152512354,-8,-9,34,52,-25,-2,-21,-3
610152512354,-7,-2,-37,82,-26,-8,-20,-6
610152516912,-8,-16,83,-49,-39,-3,-10,-3
610152516912,-8,-5,-19,56,-30,-3,-13,-5
610152525949,-8,-11,13,-78,-19,-7,5,-2
610152525949,-10,-20,81,-77,-21,-62,0,-6
610152540746,-3,-9,3,53,-27,25,12,-7
610152540746,-9,-9,104,-98,-120,21,5,0
610152542342,-4,-12,92,-38,-88,6,8,-3
610152542342,-3,-2,-42,-30,-80,7,16,-4
610152546875,-4,-9,2,-128,-53,2,10,4
610152546875,-3,-10,127,-128,-128,-28,18,2
610152555923,3,-9,-69,93,5,-26,14,0
610152555923,-4,-1,-12,-125,-9,21,-1,-3
610152570109,-1,3,103,-64,-111,1,-6,0
610152570109,0,-6,-4,25,5,-2,-7,-6
610152576876,-4,4,-33,-25,-10,14,-15,-5
610152576876,-5,12,72,-89,-128,22,-5,0
610152592591,0,-4,72,78,-55,-31,-9,-1
610152592591,-1,-17,-27,102,-12,13,-8,-6
610152599414,-5,1,-60,-57,74,18,-5,-2
610152599414,-3,5,27,56,3,-2,-12,-4
610152606969,-3,-10,-92,29,127,-25,-8,-8
610152606969,-1,-5,-57,-84,30,15,1,-2
610152615894,2,6,-22,1,30,-22,-6,1
610152615894,2,-1,-26,43,78,24,-2,-1
610152630059,0,-5,-16,-26,3,-1,-2,-2
610152630059,-7,7,-71,62,117,-5,-6,-3
610152636956,-2,1,-20,91,44,-19,-1,-3
610152636956,-1,-14,20,14,-19,-7,0,-2
610152652554,-6,1,22,90,-84,-24,7,-4
610152652554,-3,0,6,12,25,-11,11,0
610152659446,0,-3,44,-5,-76,-12,19,1
610152659446,0,-10,50,26,-97,9,18,2
610152675783,0,5,70,-126,-69,0,15,-5
610152675783,3,0,64,-74,-60,-38,14,-3
610152677400,-3,1,34,-121,-23,10,10,-3
610152677400,1,2,-12,-91,10,-24,1,0
610152690139,0,4,-71,-109,72,-3,-18,-5
610152690139,-5,2,-20,12,-4,16,-32,1
610152696957,4,1,0,-30,-5,18,-36,4
610152696957,2,6,-6,-29,-31,-30,-37,4
610152719799,-1,3,-81,127,127,-30,-41,4
610152719799,1,4,-95,117,127,-19,-40,-2
610152728348,-3,7,-38,79,27,-13,-45,0
610152728348,-3,2,13,95,41,4,-27,-2
610152735748,-3,-5,-54,25,84,13,-8,-1
610152735748,1,-6,-32,-17,8,1,8,2
610152737385,-5,-6,-44,32,62,-18,15,-4
610152737385,6,0,-12,26,53,-15,26,0
610152750111,-2,1,47,-7,-74,14,31,0
610152750111,2,0,54,-20,-69,38,37,4
610152756839,-3,-1,93,53,-101,22,35,-2
610152756839,-1,-1,69,7,-93,12,32,2
610152772551,-2,-4,38,-34,-4,6,29,3
610152772551,-3,3,43,-57,-90,0,17,-2
610152779389,-1,-6,46,-97,-41,-10,9,-1
610152779389,-5,-7,-28,32,67,0,-3,0
610152818952,2,2,-11,56,43,7,-9,-1
610152818952,-1,0,-19,95,-19,-4,-21,-1
610152821378,0,6,-52,113,66,-8,-12,2
610152821378,0,-1,-46,20,14,2,-28,-4
610152831962,-1,2,-4,18,-57,-3,-8,0
610152831962,-3,5,-56,-3,127,-5,-14,3
610152840892,-3,-1,-38,54,7,-6,-10,0
610152840892,-1,3,-49,104,78,-7,-14,-4
610152855804,0,-7,-12,48,66,-2,-11,-3
610152855804,-2,-5,27,-62,-50,-3,4,-4
610152857400,-7,-12,57,-14,-55,-15,2,-7
610152857400,-8,-9,38,-75,-37,4,6,-9
610152870789,-7,-7,32,-11,-18,0,-6,-5
610152870789,-7,-8,63,-51,-64,-6,-3,-2
610152872383,-9,-16,43,6,-8,-6,-12,-8
610152872383,-2,-9,40,-60,-13,-19,-6,-5
610152884419,-7,-8,24,-69,-32,10,-13,-3
610152884419,-3,-6,-79,-19,73,-7,-12,-9
610152891939,-4,-9,-26,-103,12,-15,-10,-2
610152891939,-8,-8,44,-29,-48,-5,-5,-3
610152899399,-5,-5,50,19,-128,-2,2,-1
610152899399,-7,-8,54,-105,-44,-6,6,-6
610152908403,-5,-15,9,-1,-76,14,6,-1
610152908403,-2,-1,33,29,-107,-4,1,-3
610152923233,-2,-20,24,-106,-46,10,-2,-6
610152923233,-5,2,47,62,-128,-19,0,1
610152924920,-6,-8,41,-52,-19,15,-4,0
610152924920,-7,-11,74,-17,-116,3,-8,-5
610152930103,-4,4,-41,109,9,1,-2,-3
610152930103,-1,-15,20,-77,10,-6,-2,-1
610152936948,-4,-6,78,-49,-123,-1,-2,-5
610152936948,-3,9,3,101,-33,-8,-5,1
610152952609,-5,-13,20,-96,30,0,-5,-5
610152952609,-4,-11,97,-101,-128,-7,-10,-7
610152959419,6,15,-22,112,-40,-12,-7,-6
610152959419,2,-15,-17,-35,83,15,-3,1
610152975756,-8,-5,53,-103,-81,-10,-4,1
610152975756,1,7,-14,84,-74,-6,-6,-2
610152977344,0,-11,-21,-10,29,12,-2,0
610152977344,-6,2,-59,-101,22,4,-1,-2
610152990080,-1,13,-19,27,29,-7,-4,-6
610152990080,3,-19,17,-82,3,22,-3,2
610152996953,-2,2,8,-75,9,-10,3,-3
610152996953,2,2,45,-68,-122,-11,4,4
610153012610,0,2,5,11,-49,-5,0,-2
610153012610,-5,-4,-56,-12,50,4,-4,-1
610153019423,1,1,-5,11,-22,-15,-3,2
610153019423,0,-4,10,-7,-52,5,-1,-2
610153035561,-4,-1,-36,37,28,5,0,-2
610153035561,-3,8,-7,68,20,-1,-3,3
610153041927,-2,-2,-1,5,-4,6,3,4
610153041927,-1,-2,14,3,-1,-6,-3,-2
610153049435,3,-1,-20,-1,26,6,-1,-1
610153049435,-1,-2,43,53,-101,-6,3,-1
610153064433,-1,1,30,14,-43,3,6,-3
610153064433,-1,-4,-2,67,62,17,8,1
610153072607,4,-2,1,87,-2,-8,7,-2
610153072607,0,-1,-50,-48,86,11,5,-5
610153079443,-5,1,40,45,-32,-14,3,2
610153079443,-3,-1,-42,61,21,-5,0,-4
610153095768,0,-2,-1,6,-37,-6,0,1
610153095768,-3,-4,-13,6,20,8,2,-3
610153097327,1,4,28,-64,-59,27,-1,-4
610153097327,-2,-4,19,-80,-86,1,-1,2
610153109400,3,2,20,-23,-24,-15,-10,2
610153109400,-5,4,-2,-2,63,-3,-2,-2
610153118400,1,0,-1,-24,9,0,-2,-3
610153118400,-4,-1,-26,71,54,-66,0,-1
610153132682,-1,-3,4,-5,-25,-8,-4,-2
610153132682,4,4,-7,-3,-29,-6,3,-3
610153139673,-1,0,13,78,-15,-33,-1,-4
610153139673,0,-5,23,-9,-5,-6,0,-2
610153155805,0,-3,35,-96,-40,0,2,-2
610153155805,0,-4,31,-16,-8,-3,4,3
610153157432,-4,-3,35,-25,-12,-7,3,2
610153157432,1,-1,61,-69,-89,6,8,-1
610153169629,2,-2,40,21,-16,2,10,3
610153169629,-1,-1,-17,86,32,15,15,3
610153178420,-6,2,7,25,-15,15,6,-3
610153178420,1,1,-31,127,51,2,7,1
610153192778,-3,4,-59,85,65,10,6,5
610153192778,-1,2,-115,71,117,-61,0,-6
610153199554,1,-1,106,11,-128,104,3,1
610153199554,-4,-7,-11,-96,-36,-18,10,-5
610153215813,-5,-5,-2,45,12,-38,-2,-5
610153215813,2,2,64,47,-119,18,-5,-6
610153217444,-3,-6,-79,-55,82,-55,1,-5
610153217444,-2,3,-30,40,70,82,-23,-9
610153229608,-5,6,-7,-73,-20,-18,-26,-7
610153229608,-4,5,37,-70,-62,-18,-53,-1
610153238467,-1,4,-109,-31,79,-28,-82,2
610153238467,-2,7,12,114,74,-20,-61,-1
610153252846,0,-2,-45,78,3,-7,-41,3
610153252846,-2,3,2,23,62,-12,-15,-1
610153259424,0,-2,-2,114,58,-6,5,2
610153259424,1,-6,27,-8,11,-5,18,2
610153275983,2,-4,5,11,17,14,14,-1
610153275983,4,-5,42,-12,-16,6,29,1
610153277664,3,-9,55,-100,-62,-4,28,-1
610153277664,0,-8,-51,-78,34,13,26,0
610153289490,0,-6,25,-61,-57,22,26,0
610153289490,-1,-7,13,-39,-29,30,26,0
610153298478,-3,-1,-42,-54,62,0,14,-3
610153298478,-1,1,18,-67,-40,-1,7,-2
610153312755,-2,3,29,-47,-13,4,4,-4
610153312755,-3,-3,20,-41,-79,-7,-2,-5
610153319573,-1,3,-2,-44,16,2,-1,3
610153319573,-4,-1,52,-21,-94,-3,0,-5
610153335824,-3,4,-30,-31,45,9,-1,-1
610153335824,-3,2,-26,-2,34,-15,-3,3
610153337390,-1,-2,-20,36,-10,-10,-8,-8
610153337390,-2,2,-37,-17,19,-8,-9,4
610153349600,1,-3,-38,18,39,-13,-5,4
610153349600,1,-5,8,-83,-6,-1,-1,-5
610153358436,0,-3,1,-63,8,-7,2,-1
610153358436,-3,-1,-62,-60,70,0,-3,0
610153372823,1,-6,-22,46,24,63,-4,-5
610153372823,-3,4,60,26,-40,-26,3,-3
610153379615,3,3,19,-7,14,-8,7,1
610153379615,2,3,11,-23,6,-15,10,-3
610153395846,0,7,34,-62,40,-4,0,1
610153395846,-3,5,-20,32,27,27,16,-2
610153397370,-2,-1,-5,67,-28,3,1,-2
610153397370,0,-14,57,124,-76,-13,12,4
610153409482,-1,-13,42,107,-45,20,13,0
610153409482,1,-9,-2,14,10,-11,10,4
610153418475,0,-2,27,98,-28,9,10,-6
610153418475,2,2,-10,4,-11,-9,-7,-1
610153432789,-4,7,-67,58,54,-4,-40,-3
610153432789,-5,9,-30,-36,31,-9,-45,-1
610153439524,2,18,-105,44,119,-7,-37,1
610153439524,2,11,-62,21,32,-8,-29,-3
610153455932,0,4,27,5,-117,-19,7,0
610153455932,2,-3,-1,112,-14,-19,10,-1
610153457364,-1,-6,17,-69,-49,-31,16,4
610153457364,2,-9,4,-40,-66,11,16,-2
610153469429,-4,-10,36,-79,-44,-29,23,0
610153469429,0,-8,32,-77,-53,18,-1,-1
610153478399,-1,-9,-4,-64,29,14,6,0
610153478399,0,-2,-13,-65,-72,8,-2,-3
610153492619,0,5,0,-26,49,-7,2,-4
610153492619,0,-3,-61,29,29,9,-18,1
610153499473,0,-4,-62,25,17,8,-7,-2
610153499473,0,5,37,-47,-50,-6,-6,3
610153515136,1,-8,-16,33,-12,-7,8,-1
610153515136,2,7,12,40,-37,19,11,-3
610153522078,1,3,-12,3,-3,-7,2,-1
610153522078,-6,3,-45,96,54,1,-2,-4
610153529612,3,3,20,18,12,-3,-11,-3
610153529612,2,5,-17,43,35,0,-2,1
610153538395,-2,-1,-16,83,43,1,-5,1
610153538395,0,-2,52,35,-8,9,9,1
610153552870,1,1,53,18,-32,1,17,-1
610153552870,0,-3,47,-43,-82,7,8,-2
610153559610,-2,-1,35,-22,-44,-2,11,-2
610153559610,-1,-5,-5,-49,57,5,-2,1
610153575157,-5,-2,-16,-82,-1,-1,2,0
610153575157,1,-2,-7,-34,10,-10,-7,3
610153582127,3,-6,-29,-11,15,-5,-3,-1
610153582127,1,-3,23,-28,-39,0,-10,0
610153598517,-1,2,9,-28,-66,-9,-13,1
610153598517,-3,1,-2,-47,7,-7,-7,-2
610153599952,-5,-1,24,50,-76,7,-10,-1
610153599952,0,-4,11,19,-13,-7,-1,-5
610153612843,1,1,-10,32,-4,-6,-14,-1
610153612843,0,-7,-16,41,-11,1,-5,0
610153619642,-3,-1,71,-4,-95,6,-14,7
610153619642,-5,-2,46,-3,-53,-7,11,-3
610153657780,-6,0,-6,-58,35,9,3,2
610153657780,-4,2,-9,-46,25,10,7,-4
610153673422,-1,-7,-17,-66,-11,10,15,-4
610153673422,-2,-2,-56,6,19,-6,2,5
610153680850,0,-8,3,-52,-42,-5,5,1
610153680850,-1,-7,9,33,-42,-10,7,-2
610153682416,-1,-1,24,-41,-18,-7,6,-3
610153682416,-2,0,8,-7,31,-1,-1,1
610153695949,-3,-4,97,50,-101,-2,2,-4
610153695949,-2,-6,62,58,-49,4,-11,-6
610153697441,-4,-2,115,11,-112,-2,-10,-3
610153697441,-1,-10,55,-6,-44,-13,-20,-1
610153709477,-1,2,52,-16,-72,-11,-17,-1
610153709477,-8,-7,52,-29,-88,3,-4,-4
610153718457,0,-8,75,-9,-128,-7,4,-5
610153718457,-3,3,91,-13,-100,-5,-1,-5
610153733472,-7,-4,35,15,-60,-6,-5,0
610153733472,-2,-10,2,-35,-48,-9,-11,-1
610153734942,-4,13,36,-42,-45,4,-3,-2
610153734942,-4,-27,22,-60,-78,-15,-1,-4
610153756588,-3,17,-5,31,85,9,-7,-4
610153756588,-1,-26,47,-111,-117,-18,-10,-6
610153757282,-1,13,-3,82,49,8,-4,-1
610153757282,-2,-3,12,-41,25,-4,1,1
610153758043,-1,-12,18,23,-128,14,-1,-5
610153758043,-2,29,16,58,115,-5,1,0
610153761895,-1,-40,6,-119,-7,4,-3,-1
610153761895,3,27,-7,91,28,0,-3,-3
610153778441,-4,-2,-59,13,93,-11,-10,-3
610153778441,-3,-29,23,-22,-45,5,5,3
610153779947,-5,33,-22,68,18,0,-1,-6
610153779947,-4,3,5,47,8,14,6,-8
610153792715,-2,-48,89,-128,-91,-3,17,0
610153792715,0,65,-72,85,52,-6,-11,3
610153799475,-1,-34,-30,111,78,-8,-5,-2
610153799475,4,-15,63,-128,-67,-2,-3,-3
610153815369,-3,42,-1,-15,-24,-33,-34,-7
610153815369,-1,-28,-23,-94,86,-28,-28,-4
610153822132,7,-30,127,-82,-128,-4,12,4
610153822132,-1,37,25,91,-37,0,26,-8
610153838324,2,-24,110,10,-107,-11,43,3
610153838324,-1,12,13,28,24,-3,2,6
610153839941,-11,26,-90,-29,90,-6,-41,-10
610153839941,0,-33,-4,-12,-24,8,-23,2
610153852647,3,19,-73,38,126,18,-8,-1
610153852647,-4,-10,1,-9,-61,2,17,-1
610153859592,3,-1,30,3,-22,-20,12,2
610153859592,0,-4,-17,-8,-7,-4,-13,0
610153875202,4,-14,11,-24,-52,-6,-17,-3
610153875202,-2,1,49,12,-54,-3,0,0
610153882127,0,-1,-43,-6,-10,3,3,-4
610153882127,-3,4,-7,-15,8,-8,7,4
610153898353,-4,5,-45,14,49,-3,-9,-1
610153898353,7,-8,33,-44,-75,16,1,-3
610153899888,0,7,36,-51,-28,-4,4,2
610153899888,-2,-4,-48,-11,67,5,6,-3
610153912146,-3,-1,-56,45,93,7,-1,0
610153912146,0,4,-8,-15,33,13,10,-4
610153921051,-3,0,-6,-40,58,2,-3,-3
610153921051,0,9,29,-12,-26,-6,0,-5
610153935302,-5,-6,-27,20,35,-5,6,0
610153935302,-1,-2,-17,27,34,-2,4,-2
610153942160,2,3,45,29,-60,-14,4,0
610153942160,-1,2,16,9,-35,-5,-7,-3
610153958479,-1,2,12,26,24,-2,6,3
610153958479,-3,4,14,41,-23,11,9,-2
610153959995,-2,5,-19,20,9,9,3,3
610153959995,-3,-9,-55,-18,52,9,-15,1
610153971998,0,-3,-9,-72,-44,-2,-20,-5
610153971998,-4,-7,-13,-33,-18,-21,-24,-4
610153980977,0,-17,-94,-11,90,-12,-12,1
610153980977,0,-8,4,8,6,-7,-12,-1
610153995306,0,1,32,-4,-20,0,4,-5
610153995306,1,-7,69,-9,-47,18,2,0
610154001925,-1,1,6,-6,-9,7,2,-2
610154001925,-2,1,-5,12,24,9,-6,0
610154018457,0,3,17,-2,6,12,4,-2
610154018457,2,7,-19,3,30,5,11,2
610154019904,2,2,58,-9,-85,8,18,-4
610154019904,-2,0,16,10,-3,22,15,1
610154032062,-2,-3,76,-13,-114,2,19,5
610154032062,2,-4,-12,2,14,-4,6,0
610154040907,0,-3,-36,-15,17,-14,-12,3
610154040907,2,1,-20,-1,-68,-13,-6,-6
610154055289,2,3,-32,19,10,-3,-2,1
610154055289,2,1,-81,31,65,-1,-18,2
610154062048,6,0,-12,4,-35,6,-24,-3
610154062048,1,-6,-1,20,-11,14,-15,-3
610154078532,0,-10,13,24,3,-7,-4,-3
610154078532,1,1,35,7,-48,3,14,-2
610154079966,-5,17,81,21,6,11,25,0
610154079966,0,19,11,30,12,-12,25,0
610154092049,-5,15,21,-9,-31,-6,-12,-1
610154092049,-3,7,-69,4,64,-4,-18,-2
610154101072,-6,7,-34,8,34,-12,-16,2
610154101072,-6,-6,38,2,-71,-10,-7,3
610154115181,-4,-12,-16,-4,-25,-6,-6,-1
610154115181,-2,-20,4,-8,-35,-4,-2,-2
610154121974,4,-16,-58,-9,46,3,1,0
610154121974,3,-9,0,-11,-4,5,1,4
610154138343,7,-2,8,16,14,14,-11,-2
610154138343,1,-2,54,5,-49,13,6,2
610154139958,-2,6,-33,-4,45,-2,-19,-3
610154139958,-2,5,-31,-3,43,-5,10,0
610154152148,-3,9,-35,6,42,-9,7,1
610154152148,-1,4,-27,12,34,4,4,3
610154160978,1,-1,-40,-1,60,-1,4,-3
610154160978,1,-2,68,-42,-93,-9,-8,-1
610154175238,-2,-5,-80,1,77,-1,-3,-1
610154175238,-2,-6,0,-18,4,-12,-6,-4
610154182151,-2,-2,-2,-22,-5,8,6,-4
610154182151,-3,-5,7,-11,-24,-6,8,-1
610154214020,2,-2,29,-22,-50,2,4,0
610154214020,-2,0,-13,3,31,2,-2,-4
610154216479,0,0,10,19,-27,4,3,0
610154216479,0,4,-1,-35,35,1,-2,-1
610154234678,-2,4,4,-64,-18,14,1,4
610154234678,1,2,23,-13,-1,-3,-4,-2
610154243395,-6,-3,25,-40,-24,-6,-4,-3
610154243395,-4,-1,-52,15,65,-4,-8,0
610154265899,-2,0,-55,25,92,-13,5,-2
610154265899,-2,0,-9,10,2,-11,-2,4
610154267435,-5,-14,-42,41,49,-10,1,-1
610154267435,-4,-14,0,-5,-11,-5,-10,0
610154288438,-2,-12,-11,5,16,-1,-11,-4
610154288438,0,-7,-41,39,72,60,-8,-3
610154289987,-2,-7,11,81,17,-100,-18,0
610154289987,-2,12,29,-28,-36,-33,2,2
610154318443,0,19,37,-13,-59,-12,3,1
610154318443,0,12,-2,-25,15,-20,14,-3
610154319988,0,12,28,-40,-51,21,9,-1
610154319988,-2,-10,-8,29,-10,18,23,-3
610154340856,-4,-11,-19,-20,55,-16,-2,-4
610154340856,0,-1,20,-50,-70,-5,2,2
610154342421,-2,-2,33,12,-24,19,6,-8
610154342421,6,2,-11,-46,-1,13,-6,-3
610154347728,2,-9,-4,36,11,33,-1,-3
610154347728,2,-5,12,-7,51,-5,2,-4
610154348476,-1,-4,-19,-20,14,15,-5,1
610154348476,0,0,-77,69,35,4,-16,0
610154355985,4,-4,-29,52,81,17,-5,-2
610154355985,-4,2,25,-58,-49,-26,0,-1
610154357451,-3,6,-36,1,-10,21,15,-3
610154357451,-4,6,-2,11,12,20,10,-3
610154362718,0,5,61,-4,-45,-28,9,-3
610154362718,-3,5,7,36,-80,-15,1,0
610154363413,-1,5,-19,-30,-1,8,-3,2
610154363413,-2,-2,1,8,53,0,0,0
610154378406,-2,-1,3,3,-67,0,0,0
610154378406,0,-1,-14,-20,-34,0,-8,-4
610154379918,-2,-2,22,-41,-33,-2,-12,-2
610154379918,-2,-10,47,-15,-24,-4,-5,-7
610154424061,-3,-12,8,-10,-48,-6,-2,-3
610154424061,-5,-10,13,-26,0,7,0,0
610154426445,1,-7,3,14,-9,2,8,-3
610154426445,-1,1,-9,-34,-50,-14,-4,0
610154437100,5,-2,20,65,-91,-2,0,-1
610154437100,0,1,26,60,-50,-21,-6,4
610154446709,3,3,-82,-5,-23,1,-6,-5
610154446709,2,15,-10,-37,32,-12,-7,1
610154461056,-3,6,33,-50,-23,-4,-18,0
610154461056,-2,-8,-30,-13,-16,-9,-19,-3
610154462392,-3,-8,4,80,29,-3,-10,0
610154462392,-4,-11,-51,72,49,-8,-2,1
610154475861,-2,3,-4,1,-60,16,17,-4
610154475861,-2,5,51,23,-57,1,23,-3
610154477490,2,-3,61,-62,-86,5,19,-4
610154477490,-6,-1,1,-74,-56,10,5,-5
610154489652,-3,3,15,-73,40,-16,-6,-1
610154489652,-8,-11,-27,-32,6,-7,-15,2
610154498466,-5,11,0,-41,14,-13,-15,-7
610154498466,-4,-9,21,39,-75,-7,-10,-1
610154513535,-3,2,-1,11,33,-13,-6,-8
610154513535,0,-4,54,-72,-86,16,-14,-1
610154514938,1,-5,-19,57,-1,-8,-6,-2
610154514938,-11,-30,8,-27,28,-14,-22,2
610154527811,-2,5,-13,43,-88,7,-11,0
610154527811,2,-15,-37,80,49,-12,-5,2
610154528489,-3,-17,97,-61,-106,14,-4,-1
610154528489,0,21,24,88,-61,-18,2,-6
610154550858,1,-23,-23,-12,46,10,-2,3
610154550858,1,-16,8,-49,-36,7,8,-2
610154551596,0,25,21,6,29,16,-14,1
610154551596,2,2,-20,-72,124,7,13,0
610154565320,-7,-7,37,-123,-128,-13,24,3
610154565320,-6,37,-53,107,67,-31,-9,0
610154565984,5,-67,-42,-3,127,-75,-6,12
610154565984,-3,-35,56,-122,-88,-28,12,4
610154587827,-7,45,49,123,8,15,12,1
610154587827,-1,-28,-27,4,102,31,41,-3
610154588434,-7,-2,102,-115,-128,43,34,-3
610154588434,2,75,49,111,3,69,-20,-6
610154596022,8,-10,-55,44,127,30,-19,5
610154596022,10,-4,52,-90,-52,12,-7,9
610154601988,-5,54,26,34,-70,17,-8,1
610154601988,14,12,-81,105,88,0,14,-1
610154617141,-1,-41,-26,-111,-52,-41,24,3
610154617141,-3,12,51,-69,-128,-40,-1,0
610154624530,2,27,-40,127,-18,-41,-6,-1
610154624530,0,-27,-128,14,125,-25,9,2
610154640293,0,-3,-9,-122,-72,-13,6,7
610154640293,2,36,50,20,-78,33,-6,1
610154641001,7,-1,-70,101,127,18,-7,4
610154641001,1,-24,2,-25,-2,1,-1,10
610154655996,2,28,16,15,0,22,-18,-4
610154655996,3,-10,-35,9,34,7,-5,2
610154662112,0,-11,-18,-66,26,41,3,-4
610154662112,-6,-10,42,-59,-63,5,5,-2
610154677042,0,-4,-1,15,21,8,4,-6
610154677042,2,-14,10,-20,37,-15,19,-5
610154684537,-5,5,-43,-77,-30,-15,16,-4
610154684537,-2,-4,39,-13,-121,-5,7,1
610154700183,2,-14,35,-8,-84,-8,12,-3
610154700183,-2,11,-9,36,58,20,6,0
610154700884,0,-8,37,-54,-33,4,-5,3
610154700884,3,17,26,11,-15,6,-20,-3
610154715956,-2,3,-18,44,71,-13,-28,-2
610154715956,2,-8,-29,20,58,-1,-19,-1
610154722072,1,-4,-10,20,-7,-21,-6,3
610154722072,-5,-1,-17,20,33,-8,-4,0
610154737127,3,-1,-1,-42,-2,-1,2,-2
610154737127,-3,0,-17,-30,-25,-5,1,-2
610154744591,0,-8,20,23,-44,-5,1,-1
610154744591,-4,1,12,72,-14,3,2,-2
610154761696,-2,0,-51,59,83,-1,-4,2
610154761696,-3,-4,-2,21,-61,-7,-5,-3
610154762485,-2,-2,-3,16,12,0,-1,5
610154762485,-5,-4,-1,-17,24,-7,-1,-2
610154776048,0,6,15,44,44,-12,4,-5
610154776048,2,3,21,-62,-12,4,-2,-2
610154782173,1,-7,-6,40,-42,-14,4,0
610154782173,-2,3,53,32,-54,0,6,-3
610154797182,-6,0,33,11,-62,-2,3,-4
610154797182,0,6,10,11,46,6,1,-4
610154804481,-2,-1,-2,-19,-17,2,-5,-6
610154804481,2,-1,-3,-2,-59,2,-2,1
610154820295,-4,0,13,29,8,-1,-1,-2
610154820295,1,-2,20,27,24,-13,-3,3
610154820943,-4,-1,-14,4,55,-11,-7,-3
610154820943,4,-2,1,-66,-21,-1,-5,0
610154836033,-1,-2,20,41,-40,13,-3,4
610154836033,-7,-3,-23,28,-9,2,-3,-2
610154842184,-2,1,-4,-9,-16,12,1,0
610154842184,2,-2,-13,62,61,7,1,-1
610154857043,3,0,-17,-36,70,-11,-3,1
610154857043,0,-4,-7,6,15,1,2,-3
610154864468,5,-2,28,35,-6,1,7,0
610154864468,-1,1,13,-12,16,2,1,1
610154880250,1,1,-16,-40,47,2,1,2
610154880250,-1,4,-8,-7,13,-8,2,0
610154881039,1,5,-20,-56,83,4,2,2
610154881039,1,-1,-48,-74,-68,8,0,-6
610154895959,2,3,46,-61,-62,14,2,-2
610154895959,-1,-1,-2,-42,-33,10,1,-6
610154902018,-4,-2,-32,27,35,7,-1,-1
610154902018,0,-6,-53,-20,93,7,-1,-1
610154917071,-3,-3,-68,35,95,-7,-3,-3
610154917071,2,2,-27,5,12,-14,-1,1
610154924581,-2,-2,0,-16,-73,-12,-5,-2
610154924581,-1,-5,-25,-21,32,-20,1,1
610154940302,-6,-3,-57,3,28,-14,-2,-1
610154940302,-1,-4,-41,71,59,-3,-3,-1
610154941033,0,-4,36,14,-24,7,-1,-5
610154941033,-5,2,30,11,-63,-5,-3,-2
610154962705,1,2,14,-6,9,12,-3,1
610154962705,-2,4,-1,-10,23,-2,-5,3
610154963426,0,-9,-56,16,92,-8,0,2
610154963426,0,-1,-20,17,21,8,-1,-3
610154977035,1,-6,107,-11,-126,-1,10,-2
610154977035,0,2,-59,3,114,18,0,-5
610154984614,2,-1,-10,7,-5,2,6,0
610154984614,0,3,-56,28,123,-9,0,2
610155000301,0,0,24,5,-30,15,-4,-1
610155000301,4,-5,-18,35,19,-1,-2,-3
610155001017,2,-1,74,-14,-99,-6,-2,0
610155001017,-3,1,11,-22,8,-7,-3,-4
610155045957,2,3,-55,60,21,-10,-9,-3
610155045957,0,0,12,-83,-43,-7,-1,2
610155047362,2,-1,-16,-10,8,-1,-1,1
610155047362,1,2,25,9,-20,-11,1,2
610155060874,-1,0,5,-34,-8,-4,3,1
610155060874,-2,-6,-13,43,26,-4,-3,-1
610155062417,-4,6,-30,-12,16,8,-4,-2
610155062417,2,3,-9,-18,-4,21,1,-3
610155075990,-2,-2,-54,-2,69,4,3,2
610155075990,0,2,-46,33,64,15,4,-1
610155077500,-1,-2,-40,31,56,8,-3,-3
610155077500,-1,-5,-36,55,49,-13,-5,-7
610155089542,2,-2,-27,6,57,-12,-1,-6
610155089542,0,1,41,13,-27,-12,-1,-2
610155098481,-1,2,-34,-10,46,-12,-5,-4
610155098481,0,-1,8,-51,-11,10,-6,-5
610155113392,-4,-4,-33,-16,43,-17,-15,-1
610155113392,-9,-17,-23,-25,-17,-7,-10,-2
610155114976,-7,-2,18,41,-3,10,-6,-9
610155114976,-8,-21,-10,74,67,-29,8,-3
610155127687,-5,6,19,25,-33,18,-3,-6
610155127687,-6,-14,97,-37,-73,-38,-1,-3
610155128440,-2,15,-49,58,71,4,-17,-3
610155128440,-4,-28,70,-50,-53,-27,-15,3
610155150959,-4,7,0,46,11,10,-16,-8
610155150959,-9,-22,-30,-49,32,-7,-5,-2
610155151651,-5,-8,83,22,-81,-5,2,-2
610155151651,-4,19,2,8,-18,-36,-5,2
610155173502,-4,-40,97,-50,-116,-9,0,1
610155173502,-1,11,78,106,-69,2,-5,-9
610155174233,-4,-8,18,-57,-42,-12,-16,-4
610155174233,1,-39,66,-89,-101,10,-12,6
610155180290,0,34,19,58,-1,-7,-3,-3
610155180290,-7,14,-65,9,81,20,-6,-6
610155180942,-10,-65,39,-128,-24,-41,9,4
610155180942,-5,38,70,111,-71,46,-2,-6
610155196020,-4,0,-89,33,65,18,-1,-8
610155196020,6,-58,66,-128,-54,-11,13,1
610155201965,-6,43,108,97,-109,5,4,-2
610155201965,0,9,-29,-14,14,23,1,-8
610155217108,-5,-66,24,-128,-6,-32,4,1
610155217108,-7,31,116,10,-128,-7,-6,-5
610155224467,-1,13,-13,87,-8,28,-7,-4
610155224467,6,-37,-46,-66,102,-30,3,0
610155240256,-7,21,-37,21,61,-14,-1,1
610155240256,-3,3,-40,24,6,6,-8,-1
610155240998,2,-12,-45,-44,71,14,-4,2
610155240998,3,0,12,4,-60,-28,-8,-4
610155256003,0,9,27,28,-23,19,-7,-1
610155256003,-3,-5,9,10,-19,-22,-2,-5
610155270297,-4,-1,21,-27,-24,-8,2,0
610155270297,-4,7,-9,10,72,6,-1,1
610155277125,0,-11,77,-7,-109,-4,5,-5
610155277125,3,8,1,-13,-25,14,4,-1
610155284631,1,-11,-30,-23,76,-16,5,1
610155284631,-4,-2,63,-39,-114,-2,-2,-2
610155300281,0,4,-17,-42,39,-8,2,1
610155300281,0,-7,15,14,-12,7,-4,2
610155300960,1,-1,-13,-11,13,-12,0,-3
610155300960,-6,1,-16,28,11,3,-5,0
610155316011,1,-3,-10,-55,-27,-4,2,0
610155316011,1,8,11,40,-6,-2,6,1
610155322062,-3,-7,33,22,-59,-8,7,-7
610155322062,0,1,-40,38,48,1,6,-2
610155337013,-1,-4,-27,26,21,2,1,1
610155337013,1,-5,-54,34,96,-7,-10,1
610155344633,-3,-2,-9,-28,-8,-5,-13,-1
610155344633,-5,0,0,-31,5,2,1,-3
610155360317,2,3,-70,18,99,-116,-3,-2
610155360317,-2,-7,22,-41,-6,100,-2,-2
610155361111,3,-2,1,19,16,28,0,-1
610155361111,-1,5,-34,10,57,-79,1,-5
610155376068,2,-3,66,21,-64,120,0,1
610155376068,-1,1,-100,54,127,-126,0,1
610155382154,-3,-3,-36,-30,46,-18,2,3
610155382154,0,0,58,2,-67,111,0,-6
610155397066,1,-6,-38,-11,35,-128,-3,-3
610155397066,3,-1,37,17,-75,68,-1,-1
610155404557,2,0,11,35,-8,-2,3,-2
610155404557,-1,-3,-9,-32,10,-103,2,4
610155419525,0,3,-11,-23,23,69,-6,-2
610155419525,-3,2,-31,17,48,-46,-9,-2
610155427161,-1,-5,-39,14,50,-29,-10,4
610155427161,3,-5,73,-50,-122,53,0,-1
610155435917,-10,-3,-5,-47,0,-15,-2,-3
610155435917,1,1,-12,-87,-5,0,-1,-1
610155441920,-1,1,-35,98,7,-10,0,-4
610155441920,-2,-1,20,94,-27,9,3,0
610155456899,-4,-3,-22,52,27,36,-5,1
610155456899,-4,0,-10,70,22,-1,3,2
610155464428,-4,-4,4,-17,98,16,1,0
610155464428,6,4,-15,-55,-8,10,-1,1
610155479414,7,4,23,53,-51,-13,1,-2
610155479414,-3,5,-2,5,-18,-5,4,0
610155486943,3,-4,-33,-42,-5,-18,0,-2
610155486943,-3,-10,35,44,35,-8,1,0
610155502612,-5,-6,-31,-54,53,5,6,0
610155502612,2,8,74,2,-104,5,1,0
610155503393,1,4,42,-85,-42,5,-1,1
610155503393,2,5,-8,-3,-25,-23,-6,-4
610155516974,3,0,40,30,-16,10,-2,-2
610155516974,2,0,-19,69,54,6,-2,0
610155524448,-1,2,-18,-32,3,-11,-5,-1
610155524448,-5,1,-41,-65,69,10,-3,-1
610155539483,0,0,26,-67,-46,-10,-5,-2
610155539483,-3,-9,-6,-13,-45,-33,1,-1
610155546957,3,-1,23,59,-67,-1,9,1
610155546957,-3,-6,10,29,-33,1,8,4
610155562615,-2,-4,30,17,-101,-3,6,0
610155562615,-2,-6,-13,-61,-12,8,-7,-3
610155563370,-2,0,-36,-39,59,11,-11,-1
610155563370,3,2,-6,5,-16,16,-6,4
610155576927,-1,4,0,26,-33,15,-3,1
610155576927,3,1,12,-13,4,11,-2,-3
610155584420,-1,1,35,-61,-56,8,4,0
610155584420,-3,-2,-30,30,52,-7,0,-2
610155599439,-1,-6,4,11,-38,-17,-4,0
610155599439,-1,-5,-51,-19,46,-9,-1,-1
610155606956,-4,-2,-17,86,73,-2,0,-1
610155606956,0,3,5,-22,-14,5,0,-2
610155622636,2,2,-2,16,21,-2,-5,-1
610155622636,-3,0,6,-10,21,-12,-12,-7
610155623392,-1,-3,33,-15,-55,-15,-8,-3
610155623392,-5,-1,-5,-10,16,-6,-5,2
610155636994,0,-1,16,-15,-3,5,0,3
610155636994,-6,-3,-1,13,7,2,2,-3
610155644486,2,6,4,-16,-14,-1,-2,-1
610155644486,-3,2,-13,-29,20,-3,-4,-2
610155659484,6,-2,2,-29,18,7,3,-3
610155659484,-1,-6,2,-20,-66,12,7,4
610155667005,1,-2,8,-12,-31,-1,3,2
610155667005,-1,-2,0,-39,-52,3,6,-3
610155682673,-7,-1,7,20,-16,-18,5,-1
610155682673,-2,1,9,-3,36,-4,3,-2
610155690392,-1,-6,-17,-24,3,-12,2,-2
610155690392,0,-6,-43,52,58,3,-5,-2
610155697036,-1,-1,-21,-5,81,13,-7,0
610155697036,3,3,-26,35,46,0,-6,-1
610155704563,0,3,-7,6,3,20,-3,-2
610155704563,7,-1,-25,29,29,-5,-1,2
610155719614,-2,10,-44,-56,-41,-28,2,2
610155719614,-5,-14,-7,-51,31,-19,-8,-1
610155727037,-6,-16,11,97,-13,-47,-7,-2
610155727037,-2,-7,19,84,-30,50,-1,-2
610155742709,0,-11,27,41,-15,8,11,-5
610155742709,6,8,-5,-8,-11,-15,-2,-3
610155743458,0,7,-4,-13,57,-1,-9,-1
610155743458,1,6,36,-4,1,-31,-12,0
610155757098,-1,-4,-24,-23,41,12,-7,3
610155757098,-4,-4,-28,1,35,30,10,4
610155764539,-3,-4,0,-9,-31,24,6,-2
610155764539,2,1,-3,20,-46,-25,-3,0
610155779575,-3,-5,-21,9,45,-33,0,-4
610155779575,-6,-2,9,11,3,-33,-2,-5
610155786992,1,-2,-10,4,47,-30,-2,0
610155786992,-4,-4,13,-65,-68,102,2,-3
610155802664,-2,1,-13,-33,4,-65,-3,-4
610155802664,6,1,20,-11,-45,-7,-4,6
610155803492,-3,1,-21,16,7,-21,5,2
610155803492,-1,-4,-27,14,75,-13,6,0
610155817154,3,1,-45,69,12,20,5,-2
610155817154,0,-4,-5,-19,15,21,7,4
610155824612,-1,0,5,-60,-57,34,-2,-6
610155824612,0,2,27,-61,-85,-19,-5,1
610155839647,-5,0,8,24,14,24,-12,0
610155839647,1,1,23,-5,-95,-2,-9,-7
610155847027,2,-5,-40,57,55,3,-3,1
610155847027,-10,-5,-42,36,84,-39,-1,-5
610155862805,1,-2,-17,-2,-11,-11,-2,1
610155862805,2,2,-34,35,28,7,3,-2
610155863499,-3,1,-24,62,50,0,-4,2
610155863499,0,3,-21,18,9,-3,2,-1
610155877134,2,-2,-82,117,82,-3,-5,1
610155877134,-4,-3,-16,-83,55,-6,3,2
610155884695,0,-2,37,-13,-93,-6,2,-7
610155884695,1,-1,6,56,51,-34,2,-2
610155899637,-3,-1,65,-30,-38,-5,0,-3
610155899637,3,1,24,52,-20,-30,-5,-4
610155906995,0,16,-10,-117,22,-22,-4,-5
610155906995,7,-27,71,-41,116,3,-6,-2
610155922773,-17,59,-43,73,41,-4,5,0
610155922773,7,-4,47,127,-53,62,16,-3
610155923480,3,-43,41,72,-54,106,31,1
610155923480,-7,-15,-12,-7,-120,39,30,2
610155937147,-2,-7,87,-24,-14,69,-23,0
610155937147,-7,16,18,-36,9,-115,-57,-6
610155944649,-4,41,-5,-27,-8,-122,-52,1
610155944649,3,-6,20,9,-128,-9,-22,5
610155959668,1,-27,31,7,-56,39,-1,1
610155959668,-4,-4,-35,10,94,37,8,-4
610155967007,2,-11,1,13,-128,-1,3,-1
610155967007,-1,22,-53,-5,95,-69,-4,1
610155982811,1,-6,-27,1,-29,-28,4,-1
610155982811,1,-7,42,7,-56,18,7,-2
610155983534,-4,-7,18,27,-18,-8,8,-5
610155983534,-8,9,21,54,-101,17,-1,-9
610155997067,5,4,19,-52,-37,10,3,-9
610155997067,-3,1,19,-21,-98,47,6,-3
610156004633,-6,3,-40,3,114,7,11,0
610156004633,-2,7,-16,3,-57,64,13,-2
610156019641,0,-11,-21,0,4,31,17,3
610156019641,-1,-7,-32,43,30,16,16,5
610156027124,-1,-5,-9,-3,13,4,6,3
610156027124,0,-3,-3,44,97,-14,-1,4
610156042670,2,-9,14,-38,49,-30,-10,0
610156042670,-4,1,-31,-2,15,-36,-6,-2
610156043479,0,4,39,-27,-11,-2,-13,-4
610156043479,-1,6,17,-26,44,-27,-17,-3
610156057130,-5,-3,5,-13,-54,-14,-6,-2
610156057130,1,1,-37,22,74,-12,-6,-2
610156064540,5,-2,22,22,-47,16,2,-5
610156064540,2,5,-11,57,-61,6,1,-2
610156079656,3,12,36,-81,-48,-6,1,-2
610156079656,6,-15,-53,-51,77,31,-1,2
610156087167,-12,27,-85,80,7,-23,-3,-5
610156087167,-4,-24,52,2,-15,36,6,0
610156102653,0,-14,46,25,-80,46,18,7
610156102653,-4,4,74,36,-128,32,20,3
610156103421,-2,-10,66,35,-10,75,-3,-5
610156103421,-2,14,45,0,-61,-57,-11,-4
610156116977,2,5,50,-41,-128,-44,-14,-4
610156116977,-2,-5,10,45,-23,-12,-9,-1
610156124636,0,-17,-1,23,-15,-44,-4,-2
610156124636,-1,-3,-1,26,-1,-9,-6,1
610156139508,-4,-7,-42,7,67,-40,-11,-8
610156139508,-2,11,14,-13,29,-49,-8,-1
610156146977,2,4,22,-69,49,-29,-18,0
610156146977,3,-12,-4,-2,-22,-11,-17,0
610156162699,-1,9,-49,98,85,49,-9,-5
610156162699,0,4,5,75,46,-69,-17,-3
610156163481,3,6,-19,-78,74,-18,-13,3
610156163481,-1,22,-47,-3,37,-38,-1,-2
610156177189,0,-8,1,74,46,-12,17,2
610156177189,3,-22,75,61,-48,69,39,3
610156184735,0,-20,-95,120,113,-28,45,5
610156184735,3,2,-36,-103,57,-27,29,-2
610156199699,-2,11,4,18,-43,61,3,-4
610156199699,-3,11,-25,44,94,84,-7,-6
610156207036,0,4,81,-115,-69,84,-8,0
610156207036,-4,-4,63,-80,25,37,2,-1
610156222828,2,-2,23,-40,37,-22,-5,-1
610156222828,-1,6,13,-114,-54,24,4,1
610156223389,-1,-3,21,44,29,-46,12,2
610156223389,2,-12,-45,12,12,-41,2,2
610156237196,-6,-15,-46,-45,66,-44,-12,-1
610156237196,-4,-5,-18,42,-13,-71,-15,-3
610156244526,2,9,-86,-73,52,29,-7,-2
610156244526,-4,9,73,-77,-113,8,38,-3
610156259653,1,3,12,-54,83,-28,21,-2
610156259653,-4,-2,-19,40,-12,-83,-5,1
610156267035,0,-12,-50,-4,31,-97,-10,0
610156267035,2,-6,23,-34,-49,-36,-1,0
610156282879,8,2,78,-93,-103,-1,3,3
610156282879,0,3,27,-125,68,-23,2,1
610156283498,-2,1,90,-65,-39,-77,12,-5
610156283498,-1,1,41,-43,70,-87,-1,-7
610156297201,-2,-1,37,112,-6,-17,2,-3
610156297201,-3,-5,-81,29,-76,-101,-15,-5
610156304563,3,-8,-77,127,77,-2,-16,-2
610156304563,3,-9,-128,42,71,-9,-38,4
610156319690,3,-19,-76,127,-27,-12,-43,-1
610156319690,2,-9,9,71,11,2,-29,-2
610156327124,-3,5,80,7,-23,25,-39,-4
610156327124,-8,17,-58,26,-5,-33,-78,-10
610156341993,-7,15,-42,-80,58,-90,-89,-6
610156341993,-2,11,44,-128,-13,-26,-81,-9
610156350338,-3,2,91,5,-111,-53,-43,-8
610156350338,-4,-6,-18,119,49,1,2,-4
610156357197,-1,-7,-89,-7,-13,6,53,-3
610156357197,0,-1,-94,106,-24,89,83,5
610156364633,4,3,-18,-10,-67,90,85,2
610156364633,1,2,56,30,31,-12,79,6
610156379534,3,5,26,-38,64,-14,71,8
610156379534,1,3,23,-120,27,28,43,3
610156387118,0,-1,-6,-52,78,41,29,4
610156387118,1,7,52,-75,-47,46,16,6
610156402057,0,-2,51,-24,26,80,11,3
610156402057,2,-10,25,-32,75,47,7,-1
610156410337,-2,3,65,27,-8,54,11,6
610156410337,1,-1,69,5,-27,80,4,-1
610156417179,3,3,96,38,24,25,2,0
610156417179,1,-2,64,-38,20,-8,8,-3
610156424549,0,-7,18,31,-35,33,4,3
610156424549,4,-4,49,-18,11,81,17,-3
610156439540,1,2,74,5,-55,20,32,1
610156439540,-1,1,40,36,22,62,29,-2
610156447198,2,2,46,4,10,-7,3,-3
610156447198,-4,-1,37,38,-39,-98,3,-6
610156462130,-7,2,-13,-49,7,88,-16,-5
610156462130,0,0,29,10,56,-1,-5,-1
610156470402,-4,-5,-81,-60,-20,-74,4,-5
610156470402,-2,-10,-113,63,95,-19,2,0
610156485277,-9,-1,-14,-39,30,-126,-10,0
610156485277,-7,1,-117,-21,8,20,11,-1
610156486007,1,4,-104,-6,-37,3,50,-2
610156486007,3,-8,-128,-55,126,-8,-78,2
610156499513,-3,-7,-21,31,-5,-105,114,4
610156499513,-1,1,114,16,-110,-60,28,-10
610156507156,-2,6,79,72,-38,-42,24,-15
610156507156,3,6,127,-11,-40,70,-2,-14
610156522145,1,-2,127,54,-9,0,-125,-6
610156522145,-3,-18,87,88,-42,-91,-128,-18
610156530356,1,-17,127,88,-13,33,-90,-7
610156530356,6,-10,90,94,-38,-38,-81,1
610156545700,10,-1,44,53,-59,1,-128,-3
610156545700,2,-2,12,-6,-20,-14,-48,-18
610156545955,-3,8,-39,-36,10,96,-13,-1
610156545955,-6,0,-75,-38,67,46,104,0
610156559602,-11,0,-99,-23,5,121,-57,-7
610156559602,-3,4,-7,-64,2,-81,71,2
610156567104,-10,-1,33,-85,-16,-117,66,4
610156567104,-7,-2,-2,5,1,-34,121,5
610156582191,-1,-13,32,4,-26,-11,98,12
610156582191,1,-10,86,12,-76,64,13,14
610156590181,4,-7,127,-71,-53,81,10,3
610156590181,3,17,127,-115,-128,-89,91,7
610156605308,5,12,-18,-80,-11,82,99,-2
610156605308,6,-3,-88,-56,82,127,73,5
610156606034,-3,0,-112,0,14,115,81,4
610156606034,-3,-5,-73,-35,-74,127,5,-4
610156619686,-3,2,-74,60,5,-13,47,-13
610156619686,-4,-1,-110,-33,9,-57,4,-4
610156627054,1,3,-128,-25,83,-26,-46,5
610156627054,-5,-2,-121,-52,-78,-21,-42,-9
610156642068,-2,-5,-26,-13,-42,-22,-8,-3
610156642068,2,-11,61,18,-97,-17,22,6
610156650246,0,-3,92,19,-58,-38,-29,6
610156650246,-1,2,60,23,-8,-25,-49,-3
610156665352,5,-1,40,59,-34,-32,0,1
610156665352,-4,9,69,88,-71,-14,-20,7
610156666045,3,-2,-6,59,-17,44,-35,-3
610156666045,1,-2,107,73,100,-20,-98,-5
610156679621,0,-3,89,30,84,-113,-119,-9
610156679621,-3,6,-23,11,86,-94,-114,0
610156687067,-3,1,-64,0,57,-45,-108,-2
610156687067,-3,-5,-122,36,46,-35,-68,-2
610156701994,0,-8,-71,17,-27,-57,-7,0
610156701994,0,2,-1,49,3,32,30,-7
610156710381,2,4,57,-26,102,56,49,-5
610156710381,-1,7,0,-40,97,74,64,-2
610156725188,-5,-4,-21,32,108,35,37,-4
610156725188,-2,2,11,-47,33,92,44,2
610156725998,-2,3,16,-37,-104,72,27,1
610156725998,7,2,29,26,-34,-66,29,1
610156739528,-1,2,64,64,-42,-17,41,4
610156739528,-5,7,22,-5,-13,-21,-55,2
610156747160,0,-3,49,35,47,-67,102,6
610156747160,-8,9,50,52,59,5,46,-5
610156762051,-4,-28,-37,-106,60,-85,51,1
610156762051,1,-14,-19,-63,-39,-47,27,-1
610156770410,2,8,59,-62,-128,60,-12,-1
610156770410,1,7,-30,-86,-40,84,5,4
610156785115,1,7,-31,56,-36,122,23,2
610156785115,1,3,-56,-17,24,98,22,1
610156785917,-5,-6,-28,-17,-90,21,-14,-3
610156785917,9,-7,11,32,-56,92,-7,1
610156799653,-4,4,22,-82,-100,53,-24,-3
610156799653,0,-5,57,-17,-39,-23,-2,-6
610156807101,-6,-4,-24,-30,-35,-86,-32,-5
610156807101,-2,-9,-73,52,32,-81,-43,-6
610156816049,-1,3,-62,28,56,-53,-35,-3
610156816049,-3,16,-5,-20,16,-45,-5,-3
610156830188,3,0,-21,-10,56,-61,-22,-4
610156830188,-4,-15,-24,34,56,-25,-26,-3
610156837030,2,2,-20,-17,35,-19,-6,-4
610156837030,-2,3,-20,-65,46,-8,10,4
610156844628,-2,-6,-7,22,38,-46,-16,-5
610156844628,-4,-3,4,5,-13,-27,-12,3
610156859582,-7,-2,-4,-8,-63,-10,-2,-1
610156859582,-5,-3,-35,127,93,-1,4,0
610156867030,-1,-3,-42,85,55,9,-7,0
610156867030,1,2,32,-22,-61,10,-1,-2
610156876094,0,3,35,12,-22,70,8,-1
610156876094,-2,3,37,-6,-77,64,10,4
610156890404,-3,-5,12,10,-24,39,2,5
610156890404,0,7,-3,-70,-43,38,11,2
610156897048,1,-1,54,-85,-111,12,7,2
610156897048,3,-3,-11,-5,65,-38,6,-4
610156904652,-1,-14,21,-23,-58,-15,-2,-2
610156904652,0,-11,27,-86,-28,-9,-2,1
610156919657,-5,0,36,-67,-47,-20,-8,-3
610156919657,-6,-3,-6,-24,-13,-10,2,-1
610156927173,-5,11,5,-58,-25,-6,-3,-2
610156927173,-2,2,0,67,56,-17,-8,-3
610156936047,1,-5,-45,49,113,-1,-9,-1
610156936047,3,4,-55,42,-56,-7,-2,1
610156950329,-2,2,-44,73,108,-13,-9,-2
610156950329,-2,2,-18,39,44,-11,-13,0
610156957199,-5,0,-37,67,-53,-35,-8,1
610156957199,0,-4,-12,40,50,34,0,-3
610156964625,-5,-2,-6,24,18,-3,0,-4
610156964625,-2,-14,42,-90,-73,2,8,1
610156979690,1,4,-5,-4,-22,20,8,3
610156979690,3,4,98,-128,-128,1,5,-4
610156987066,-2,4,-29,45,-98,7,0,4
610156987066,1,-2,-36,49,39,53,4,2
610157002143,-1,-2,23,-31,-30,30,-2,1
610157002143,1,-12,19,-73,-75,20,6,1
610157010247,1,17,89,-26,-37,23,2,1
610157010247,-3,-8,71,21,-34,5,2,1
610157017198,-3,2,89,-64,-79,8,0,-5
610157017198,-3,-6,13,-34,-2,-21,-11,2
610157024630,2,-4,-5,-55,-43,-51,-2,-6
610157024630,-4,4,1,22,21,-24,-9,2
610157039595,-3,-3,-41,31,127,-19,-3,-6
610157039595,4,-1,-47,90,98,-9,0,2
610157047157,-3,-7,-12,74,87,-5,-2,0
610157047157,-1,0,-5,-98,-85,-13,-1,-1
610157062016,3,-1,-20,-41,-49,36,-1,0
610157062016,-8,3,2,-15,-40,-1,0,0
610157070295,-1,-9,10,5,-18,-9,1,-1
610157070295,-1,-6,-17,48,28,0,4,0
610157077181,-5,-5,8,-30,-19,5,4,2
610157077181,-6,1,12,-65,-40,15,3,0
610157084695,-3,-5,39,-98,-75,14,3,-4
610157084695,-5,7,25,-17,-79,11,0,-2
610157099643,-1,5,33,-60,-117,11,-2,-1
610157099643,-3,-1,9,-51,-86,-3,1,-2
610157107233,1,-4,7,-39,-24,-14,-1,-2
610157107233,-1,-3,-19,-10,32,-15,2,1
610157122113,0,-9,23,29,7,-11,-3,0
610157122113,-1,1,5,101,-18,-10,-2,-1
610157130364,-5,-1,-29,83,117,-8,-4,-6
610157130364,-2,3,-21,50,30,-8,-2,-3
610157137166,3,2,26,56,11,-11,0,0
610157137166,0,-3,-46,42,8,-9,-2,4
610157144622,-1,-3,-30,-40,-65,6,3,2
610157144622,0,2,-51,13,8,7,-4,2
610157159661,-2,5,-48,50,79,-8,-16,-2
610157159661,1,4,-50,89,117,-14,-2,2
610157167156,-1,-1,-1,-10,-5,1,-4,1
610157167156,1,4,-1,0,-1,-4,-3,-3
610157182210,-2,-5,9,-71,-86,-12,-3,-3
610157182210,-4,-11,-15,59,61,-4,3,-2
610157190372,1,-1,-11,89,58,-90,0,-5
610157190372,-1,-1,18,-33,-73,78,5,-1
610157197032,-2,1,-5,17,95,8,8,1
610157197032,-6,-3,45,-71,-40,116,-2,-4
610157204686,1,-1,-31,-33,-8,26,0,1
610157204686,4,2,21,-43,-54,13,-5,2
610157219574,-2,-2,-7,38,-36,-10,3,0
610157219574,0,3,21,35,9,-23,4,-3
610157227035,2,1,40,-6,15,14,0,0
610157227035,-7,0,24,5,82,-25,-5,-3
610157242066,-1,-4,-6,39,1,7,-3,3
610157242066,0,1,-16,6,-47,-47,-5,2
610157250280,0,-8,19,-80,-86,8,-2,0
610157250280,1,-1,31,-82,-65,-35,0,-1
610157257060,2,1,24,-67,-6,-15,4,-2
610157257060,2,1,18,-3,-86,18,2,-1
610157264580,-2,3,-16,-72,35,-6,1,-3
610157264580,1,-2,51,-2,-55,11,-2,3
610157281025,2,-1,37,31,-82,54,-1,2
610157281025,2,-4,64,-14,77,-4,-5,-1
610157287176,7,3,57,53,86,32,0,3
610157287176,-1,1,-69,70,-20,16,8,-1
610157301984,0,3,54,-116,22,-1,1,1
610157301984,2,-8,-69,-43,6,-7,2,2
610157310277,1,-10,-86,-12,107,0,-3,3
610157310277,-1,-4,-46,108,59,-30,-1,1
610157317013,1,3,-93,127,-19,-27,-3,0
610157317013,-5,-5,-54,8,44,-62,-13,-2
610157332884,-6,-12,-40,80,6,-45,-12,-3
610157332884,-10,0,14,78,-1,-10,-13,-12
610157339699,-6,10,58,-31,25,5,-8,-12
610157339699,-3,16,73,19,51,1,2,-9
610157347025,-2,12,-19,66,-67,10,5,2
610157347025,2,1,-77,93,-3,7,3,0
610157362210,4,-3,-78,44,36,19,2,6
610157362210,1,-1,-103,-50,77,36,-3,3
610157370199,-3,1,-47,-3,94,1,-4,-3
610157370199,1,1,-61,-24,127,9,-5,-4
610157377197,1,0,-10,23,-58,6,-2,4
610157377197,5,-3,23,-32,-69,15,-1,3
610157392863,-1,2,57,-53,-1,-22,6,3
610157392863,4,-3,108,-128,-113,-8,10,4
610157399699,0,-1,85,-47,-105,-16,8,-2
610157399699,2,-8,46,-55,-12,-15,3,-2
610157407208,-3,-5,84,-102,-57,24,-2,1
610157407208,0,-1,95,-71,-48,30,-3,5
610157422104,-1,1,115,28,49,24,-2,1
610157422104,-4,5,127,8,-63,6,9,2
610157430343,4,1,13,74,-41,61,2,0
610157430343,2,-17,-76,53,91,-8,2,0
610157437127,1,-13,-125,9,59,-14,0,-1
610157437127,-6,-6,-52,69,5,21,1,-1
610157452779,-4,9,-66,80,2,-13,-3,-3
610157452779,-4,5,-60,76,115,-52,-9,-4
610157459688,0,9,-1,50,72,-29,-18,-6
610157459688,-2,3,-108,-18,127,-25,-12,-3
610157467238,1,1,87,-128,-85,-29,-5,-2
610157467238,-1,7,-47,-1,55,-8,3,0
610157482139,-3,-7,-84,27,127,-13,11,1
610157482139,-4,-4,-29,95,-25,4,8,3
610157490374,-3,-4,6,84,36,25,14,1
610157490374,-4,-5,52,19,41,7,-3,0
610157497011,-3,-1,-40,3,50,20,-1,0
610157497011,-3,0,-69,53,79,26,-8,-3
610157512879,-6,-3,-72,-78,-14,27,-1,-2
610157512879,0,-4,18,9,1,22,2,-1
610157519639,-4,-2,-65,10,-3,5,4,0
610157519639,-2,-3,32,84,17,-51,-2,0
610157527132,0,6,-26,63,-14,-30,-9,-1
610157527132,0,3,5,24,-52,-35,-5,-5
610157542181,-2,-2,82,-66,-66,10,-15,-1
610157542181,0,-2,107,-29,-60,-37,-5,0
610157550301,-1,-4,-39,21,90,-9,-2,-4
610157550301,-1,-5,53,30,-38,-2,2,1
610157557112,1,2,19,9,49,-6,-6,1
610157557112,4,-4,0,3,14,-7,-8,-2
610157572774,0,1,19,26,-40,-9,-2,0
610157572774,0,1,10,-35,4,-1,-10,-7
610157602018,-2,2,-17,-45,69,14,-5,0
610157602018,-1,6,36,-74,-36,-3,-3,0
610157611158,-1,0,12,-57,60,3,-2,-2
610157611158,0,4,-27,14,-45,14,-1,2
610157617849,-3,1,-24,112,8,-55,-1,-3
610157617849,-3,-6,5,17,6,-7,-4,3
610157624718,2,-6,52,-42,-65,23,2,0
610157624718,4,2,0,-128,27,-3,7,-6
610157633510,2,0,2,-113,-46,36,13,-1
610157633510,8,13,-50,-82,-35,5,17,1
610157634974,5,2,-98,-13,99,-6,8,7
610157634974,2,5,-34,-29,36,21,5,5
610157647921,2,0,-110,-35,88,1,5,3
610157647921,3,6,-114,-38,127,24,5,-1
610157648446,4,7,-11,40,-50,23,0,4
610157648446,2,-2,17,-35,-86,3,6,5
610157671066,2,11,-34,7,-3,-44,4,1
610157671066,5,-11,-33,66,2,-7,-3,1
610157671694,-1,12,-62,81,86,-5,-2,-3
610157671694,3,7,-45,59,42,28,-5,2
610157693518,6,3,12,80,-27,0,-1,-2
610157693518,2,3,26,28,-20,0,-3,2
610157694166,3,15,-35,127,-32,-32,-2,-7
610157694166,3,-16,58,-48,-44,-9,-5,-2
610157707693,-1,20,-28,39,16,-10,-8,-4
610157707693,-2,-5,-63,87,84,-45,-13,-6
610157708435,7,-20,64,-102,-21,-2,-8,-4
610157708435,-6,22,-70,71,66,-27,-13,-4
610157730944,5,-17,-118,72,110,5,-6,-4
610157730944,0,-22,58,-107,-57,1,-2,-5
610157731648,-8,9,7,32,-40,6,-5,-3
610157731648,-4,-7,-80,127,127,3,3,-7
610157753407,-6,-41,127,-128,-108,8,7,-3
610157753407,-3,35,78,-15,-59,64,-3,-5
610157754219,-9,14,-25,122,122,-5,-3,-6
610157754219,7,-59,22,-43,21,-41,-1,-2
610157767896,-11,17,36,-27,-72,39,-11,3
610157767896,-4,17,-41,14,-3,-16,-5,-5
610157768550,-1,-58,48,53,-23,-20,-4,0
610157768550,-5,-1,23,-55,-65,-36,-10,-3
610157798381,-13,26,89,-5,-62,-22,-15,-7
610157798381,-10,-19,18,-27,59,-35,-12,-12
610157799963,-5,-28,-10,32,-21,-41,-12,-4
610157799963,-11,14,-22,-56,-71,20,-13,-4
610157812942,-12,7,50,-67,-7,-47,-14,-8
610157812942,-2,-4,-92,33,-19,-24,0,-4
610157819706,2,-28,-29,-32,-10,-31,7,-1
610157819706,-2,7,127,-51,-128,49,24,11
610157836025,1,18,39,-97,-39,41,21,6
610157836025,-2,-15,77,-35,52,63,16,4
610157837533,8,-8,32,-128,-40,39,10,1
610157837533,-4,-7,101,-45,0,75,10,6
610157858379,0,-18,-74,127,113,30,2,6
610157858379,4,-1,3,41,-88,38,5,6
610157859966,5,-5,-75,3,79,111,-3,7
610157859966,2,-17,-90,-16,103,-20,-1,-2
610157872805,-2,-14,49,113,-69,16,-3,1
610157872805,-4,4,123,53,6,2,4,-5
610157879693,-6,19,-54,-69,98,-10,-8,-5
610157879693,2,-6,-97,-20,-6,-57,-9,-5
610157896076,0,-21,-72,-115,-2,-37,-9,-8
610157896076,-6,-7,25,33,-58,5,-17,-1
610157897548,-5,30,127,48,16,-15,-7,-6
610157897548,-2,31,56,-39,119,-34,-12,-14
610157918332,1,-10,6,-128,-59,32,-10,-8
610157918332,-6,-29,-128,-128,-23,74,-11,-5
610157919941,-4,-8,-41,-128,-40,-104,-8,1
610157919941,2,0,112,-55,-65,-70,-9,-1
610157932811,8,9,97,122,85,-26,-1,-3
610157932811,-2,17,-10,-121,-29,16,-4,-3
610157939699,-2,-9,-83,-88,-41,-24,11,3
610157939699,-6,-38,-128,-107,-103,40,19,5
610157955885,2,-20,25,-73,-45,56,23,6
610157955885,5,1,107,-36,63,-106,14,2
610157957473,-3,26,81,100,-113,25,7,-2
610157957473,1,22,8,42,-77,36,-1,-1
610157962048,1,1,-124,-86,-59,-68,4,7
610157962048,-4,-31,-125,-78,67,30,4,-2
610157970356,-7,-32,-31,-128,94,80,4,-2
610157970356,-1,-7,-30,-103,127,-70,-4,-6
610157984696,-5,3,70,-21,93,-43,-12,-10
610157984696,-5,31,96,52,-43,-85,-9,-3
610157992858,-3,24,26,31,-41,47,0,-7
610157992858,-5,5,-99,54,72,116,-4,-3
610158007860,-6,-23,-120,-128,23,-38,-4,-2
610158007860,-3,-22,-79,15,115,4,-17,-3
610158008480,-3,-12,90,-97,-21,46,-15,0
610158008480,0,21,127,-20,30,43,10,-4
610158022209,0,43,124,-3,-44,21,11,-5
610158022209,0,-9,57,-21,-68,10,27,2
610158030291,-4,12,-49,-109,-70,-123,27,5
610158030291,-1,-25,-47,-20,-2,58,8,0
610158044674,0,-37,-45,27,80,-18,4,-4
610158044674,-6,-15,-13,37,-62,60,-23,3
610158052917,3,-4,10,57,-89,103,-88,-4
610158052917,-2,10,16,74,-104,-128,-50,-3
610158067173,0,10,-30,65,-89,-67,-31,-8
610158067173,0,15,-42,29,-44,88,-12,-8
610158075440,-4,-14,-39,56,67,72,43,-10
610158075440,-5,2,13,21,92,5,-46,-14
610158082148,-3,-10,-25,34,127,11,-34,-7
610158082148,-4,6,23,21,127,-128,4,-6
610158090315,-2,7,-65,-46,33,-105,-4,0
610158090315,1,0,4,-97,-32,69,31,1
610158104652,2,-2,-25,19,-86,70,-57,5
610158104652,9,2,59,-103,-128,25,97,11
610158112790,2,3,-30,-25,-19,-72,-11,5
610158112790,1,-5,95,-68,-86,-127,53,7
610158127858,1,-7,24,14,-83,34,-17,9
610158127858,1,-3,-13,25,-43,-14,7,8
610158128528,0,-7,-3,-5,-44,-52,-7,2
610158128528,2,6,-22,-17,127,42,39,1
610158143462,-1,4,-87,-43,127,-46,25,4
610158143462,-1,0,27,-116,-44,-68,68,-2
610158151048,-2,7,127,-101,126,-97,35,1
610158151048,0,4,-36,-39,-24,-80,-43,-1
610158164658,1,8,23,-5,107,-84,4,-1
610158164658,2,8,-12,42,-32,56,-28,4
610158173631,3,-2,-84,-15,-56,38,-88,-3
610158173631,-1,-6,-85,40,-77,98,-25,0
610158187103,1,-8,-13,8,-33,127,-19,1
610158187103,-2,-1,-18,-128,-26,-107,-13,-1
610158196066,-3,2,102,-84,68,-116,91,-6
610158196066,0,2,62,-52,-91,-72,-29,-9
610158202213,0,8,-16,-47,-106,-17,-5,-20
610158202213,-5,-5,21,-123,89,-9,-5,-19
610158211006,-1,2,-108,-86,-48,42,30,-16
610158211006,0,-2,-53,-105,127,-66,23,-10
610158224695,-8,-7,77,-128,-87,91,56,-8
610158224695,-9,3,81,-100,-120,-3,20,-10
610158233553,-3,-4,-38,-33,-101,127,29,4
610158233553,-7,23,-67,0,-85,93,20,0
610158247208,-2,-52,-25,-57,-4,38,21,5
610158247208,-2,36,-6,127,124,92,-33,8
610158256100,-3,-7,12,127,127,-43,31,10
610158256100,-3,50,113,94,93,95,-1,15
610158271156,6,8,-28,-37,-54,-50,-38,11
610158271156,6,-15,-27,-107,74,-62,-41,30
610158272550,12,35,-62,29,51,-111,-85,34
610158272550,0,-30,-107,-101,-72,-127,-53,51
610158284620,14,-30,-17,-65,102,-64,-3,24
610158284620,13,-2,-61,16,109,-99,-80,-10
610158293556,3,-4,25,58,-11,-78,-98,-50
610158293556,-8,43,45,82,127,-108,-128,-90
610158307210,-28,44,82,77,127,-14,-127,-102
610158307210,-17,17,9,65,-6,70,48,-65
610158316025,-6,-4,95,0,66,93,63,-10
610158316025,4,-39,40,-100,-82,77,90,33
610158331056,12,-10,2,94,-77,46,69,68
610158331056,9,-30,-83,127,115,25,102,67
610158332535,2,-13,-28,48,69,-62,82,55
610158332535,5,-23,-13,127,124,-13,93,44
610158353502,0,16,-2,48,14,17,96,16
610158353502,0,4,-35,119,-110,-100,-72,8
610158355044,-4,4,44,36,-42,-40,-23,5
610158355044,0,-10,2,-18,-92,-23,-2,7
610158367110,0,7,25,-76,113,-95,-12,8
610158367110,-1,6,47,-117,-76,104,-53,-9
610158376165,-4,-6,32,65,-113,-80,-42,-25
610158376165,-4,-6,7,118,-25,115,-11,-25
610158391163,-9,10,-52,85,39,-120,-16,-21
610158391163,-12,-2,-9,116,-109,-17,105,-36
610158392479,-2,-1,-76,106,-54,-108,4,-26
610158392479,-7,-9,-61,7,48,28,-73,-42
610158404627,-10,-1,-12,-85,-52,-96,41,-26
610158404627,-11,1,-20,-114,52,69,18,-17
610158420974,-10,4,15,-68,12,-10,-36,-25
610158420974,-8,2,7,73,-111,-103,23,-10
610158427234,0,-3,4,-87,109,78,-5,4
610158427234,7,-21,-46,-4,31,-128,-54,-8
610158436082,1,-1,-39,-46,125,127,73,-13
610158436082,2,6,-12,-40,24,-56,-52,-1
610158451503,6,1,35,62,-43,-69,-23,18
610158451503,16,2,24,59,-74,72,-22,34
610158452970,11,-5,-81,94,115,106,9,49
610158452970,11,-7,7,127,-29,-114,-65,25
610158464681,1,10,26,126,5,-86,-63,29
610158464681,1,-8,43,-3,21,-84,-46,22
610158473594,-2,0,118,-61,-47,-55,-40,10
610158473594,-5,3,20,59,-29,-80,0,-4
610158487123,-1,3,47,57,23,-78,-5,-24
610158487123,1,6,55,-47,-70,-107,-18,-14
610158496097,-6,-2,34,73,-55,19,49,-2
610158496097,-6,-14,28,25,-26,34,104,-1
610158511149,-9,-5,24,-17,-7,22,100,-21
610158511149,-6,1,5,-95,-107,-111,76,-31
610158512523,0,5,49,-128,85,-25,60,-11
610158512523,-3,2,27,-94,73,126,50,-11
610158524582,-2,2,-11,30,-45,78,32,-11
610158524582,2,0,-10,68,102,86,-23,-10
610158533543,5,6,-38,90,-61,-37,-64,-5
610158533543,7,7,-42,58,6,-6,-13,4
610158547256,4,5,-64,55,21,80,3,8
610158547256,-1,3,-34,94,53,81,-81,15
610158556014,0,-2,-16,69,-18,99,-42,11
610158556014,0,6,-95,34,-9,-24,-19,10
610158570995,1,1,-50,50,-42,-51,-73,15
610158570995,0,-4,-32,-53,127,52,-35,22
610158572490,-3,-6,22,-104,-107,76,-27,11
610158572490,-3,-10,-23,-128,15,-74,-41,21
610158584628,2,-12,55,14,119,127,-1,10
610158584628,-6,1,31,75,-33,26,4,-10
610158593541,-9,-3,30,-7,25,-29,48,-22
610158593541,-3,0,35,101,19,97,-86,-31
610158607191,-6,-4,72,72,-61,31,12,-28
610158607191,-4,5,18,-62,0,4,16,-34
610158616141,-4,-5,10,91,70,78,-45,-16
610158616141,-3,-2,55,-21,15,-68,84,2
610158631115,-1,-4,-2,93,76,-128,40,-10
610158631115,-2,-3,3,3,-1,99,55,34
610158632531,2,-5,-13,-3,-25,-128,-32,19
610158632531,0,-5,7,9,124,68,32,20
610158644682,1,-1,-26,-73,-76,-14,28,26
610158644682,-3,-9,-22,-63,-86,-28,30,24
610158661021,3,0,-26,-38,-92,-14,-27,15
610158661021,4,-7,-39,127,69,-36,100,9
610158667241,-3,2,-39,-128,-32,-67,-42,7
610158667241,-4,-8,-10,54,-65,21,3,-4
610158676088,-3,-1,-25,-112,65,103,-21,6
610158676088,-3,2,-3,-48,-67,17,-14,-5
610158713508,-2,-2,15,79,-103,37,-47,-20
610158713508,0,3,29,-45,-65,46,-3,-33
610158719576,0,3,10,-66,-124,-45,-14,-39
610158719576,1,2,28,-128,-2,127,-33,-28
610158727171,-2,20,14,61,63,92,28,-26
610158727171,-2,2,-9,1,86,-46,-76,-24
610158736065,3,-5,7,43,127,48,-33,-17
610158736065,1,-4,5,-69,29,-17,-34,3
610158750288,6,-9,4,-26,27,-33,-13,10
610158750288,7,-6,21,41,18,-91,-2,30
610158751044,2,17,37,43,-64,-66,-1,29
610158751044,8,6,44,31,-61,-88,6,20
610158766052,11,4,-12,57,-27,-44,0,29
610158766052,-1,4,-12,118,22,-38,19,-7
610158767582,5,0,1,85,-13,-72,7,16
610158767582,4,2,4,37,4,-17,16,-8
610158780871,1,5,23,-11,-120,25,-36,-36
610158780871,7,7,32,52,-55,64,61,-10
610158787164,2,12,31,72,-114,25,22,-19
610158787164,0,-5,14,93,-42,-34,-40,-54
610158794673,-5,27,-2,48,-25,-16,3,-22
610158794673,-6,-11,15,95,19,0,-94,-71
610158803545,-10,18,12,58,96,99,93,-14
610158803545,4,-1,-20,56,-97,50,-32,40
610158818516,0,-17,-21,87,12,77,-55,51
610158818516,-2,33,-65,125,-41,-22,100,56
610158819997,10,-39,-22,51,89,-8,-82,-6
610158819997,2,39,-1,109,35,-83,90,-6
610158824740,0,-6,-36,33,-5,97,4,-77
610158824740,16,-23,-33,54,18,-99,-21,17
610158833599,1,30,15,56,38,25,-2,17
610158833599,-7,-5,-19,81,-16,-1,-44,10
610158847093,4,-26,-18,-111,92,-33,-6,-13
610158847093,-4,35,16,8,2,20,10,17
610158856044,4,-4,17,-65,-101,-71,10,-2
610158856044,3,-31,-17,-120,-73,-51,-29,-1
610158871021,-4,41,-15,-85,-8,-81,79,1
610158871021,3,-22,39,-42,55,-15,-39,7
610158872544,9,-10,10,-128,-90,-34,31,-3
610158872544,3,28,-9,-38,5,13,-1,18
610158884533,9,-20,-43,22,21,-32,27,19
610158884533,3,12,25,-55,40,-14,-24,21
610158893524,0,6,-23,73,25,6,-109,22
610158893524,-4,-19,10,-11,49,5,47,2
610158907181,-9,6,13,28,-25,51,-17,27
610158907181,-13,-9,-6,44,-77,29,-67,11
610158916070,-19,-4,-55,65,1,2,46,-91
610158916070,-20,7,-13,1,35,42,-13,-27
610158952879,-11,-18,22,-9,27,-21,45,4
610158952879,-9,0,-58,-22,23,12,4,-13
610158961121,-4,-11,-13,10,28,-36,-99,13
610158961121,6,-3,87,-2,11,36,106,17
610158975931,4,5,-81,-35,-68,-2,-46,-35
610158975931,6,-3,-18,-10,-72,1,61,-30
610158977465,4,9,-2,42,-17,1,9,1
610158977465,5,3,-108,-54,-18,-4,-23,-27
610158990361,8,4,127,-83,-9,-1,6,10
610158990361,0,4,-64,-52,107,-3,-22,-10
610158997207,6,-9,103,17,32,31,14,-30
610158997207,1,1,-2,17,24,-20,-8,-9
610159012915,1,-6,58,115,16,6,-14,27
610159012915,2,-3,-2,47,23,-2,-32,3
610159013569,-8,2,-23,-63,10,-30,23,28
610159013569,-3,-4,-21,44,28,58,-58,34
610159029041,-2,-2,-29,111,-20,-43,13,30
610159029041,-4,-2,9,76,8,-27,16,36
610159030495,-6,-27,-19,-93,-24,3,-4,21
610159030495,-6,10,46,116,-81,0,-23,36
610159043418,0,-4,0,-113,29,26,35,36
610159043418,3,3,15,80,-5,-43,30,-24
610159045041,6,8,4,-94,-83,-40,31,12
610159045041,-2,3,-53,41,59,44,-4,-47
610159057896,10,-16,1,20,75,-8,-108,27
610159057896,-2,15,-25,-128,83,0,-58,53
610159064574,1,-35,-56,101,104,-115,-17,38
610159064574,0,17,40,-92,25,-62,-77,-8
610159080982,-15,-3,-34,-34,5,-117,-60,36
610159080982,1,-27,59,50,-45,-96,20,-1
610159082477,-15,37,55,-37,-109,-11,53,59
610159082477,3,-28,-45,26,-34,71,20,16
610159094634,4,-1,50,35,88,32,80,-62
610159094634,-4,34,22,-87,-42,116,38,-29
610159103573,6,-5,-121,97,71,115,38,-35
610159103573,7,-31,20,60,60,12,124,-18
610159111102,-3,63,77,-128,-102,127,-33,-5
610159111102,7,-34,-69,120,95,21,7,-33
610159112516,10,-11,28,63,127,10,-17,-19
610159112516,-7,65,120,-36,-13,99,-38,42
610159124679,8,-25,-92,35,83,44,26,-6
610159124679,2,-20,1,-2,48,5,-1,-2
610159133599,-12,43,85,13,-59,76,20,38
610159133599,10,-6,2,127,-26,-27,-11,14
610159147227,5,-21,-102,59,35,-66,44,6
610159147227,-5,21,73,-91,24,-4,-25,30
610159156005,3,13,20,-27,-25,55,16,9
610159156005,1,-25,-100,-78,61,-49,26,-39
610159170425,-5,-6,-25,30,-13,-4,42,-9
610159170425,-8,44,73,-103,-83,92,23,-10
610159177167,1,-30,-52,-60,39,14,16,-28
610159177167,8,2,44,-66,37,30,12,-23
610159184660,-7,13,31,0,-20,76,-3,7
610159184660,3,4,0,-17,51,74,3,-56
610159193565,7,-6,-17,-9,31,88,-33,-10
610159193565,-3,22,8,-8,-19,38,-10,32
610159207222,5,-15,25,-95,-13,35,-4,-1
610159207222,1,-19,-7,42,-74,-17,-39,35
610159216094,2,-9,-8,43,-108,114,-34,31
610159216094,-3,-5,-6,33,2,18,-54,23
610159230348,4,12,21,124,-128,-75,-66,15
610159230348,-3,-8,-67,57,-43,94,-39,-6
610159237230,1,3,20,45,14,-72,-73,-9
610159237230,-3,1,-16,34,56,-95,-49,-7
610159253581,-1,8,-25,110,76,-66,16,-9
610159253581,4,-8,6,80,8,27,-2,5
610159255058,4,-6,-2,121,-97,-107,72,-7
610159255058,-5,-17,32,122,40,-72,60,12
610159267213,-1,11,27,52,14,77,70,0
610159267213,1,-12,14,125,-34,-54,70,14
610159276137,2,3,-15,127,39,-43,-56,-3
610159276137,2,-9,-6,15,-115,-44,-52,9
610159290402,0,1,0,-70,-67,-84,-6,9
610159290402,-2,-8,-6,-100,-65,-28,54,18
610159297045,-4,20,22,-128,-107,50,41,-5
610159297045,-4,-15,6,-77,-126,71,-32,-17
610159313412,-3,1,-25,-77,12,116,-34,-28
610159313412,-6,8,10,-81,-123,3,19,0
610159315028,-4,-15,-31,-74,-55,36,50,13
610159315028,5,2,6,-72,-56,83,-10,-32
610159327108,-7,-15,-53,12,-54,127,-39,9
610159327108,1,13,19,-93,81,99,-32,-1
610159336146,-3,3,-24,64,65,123,14,-38
610159336146,-2,-1,18,-88,122,119,-51,-63
610159350412,3,4,6,91,26,-34,23,-63
610159350412,3,-11,-6,-11,127,-30,-31,-113
610159357150,-5,3,6,-102,35,-18,-58,-9
610159357150,-2,7,5,117,55,27,115,-34
610159373609,-9,3,46,0,122,35,69,-5
610159373609,-8,3,-42,127,57,6,58,-55
610159375045,-11,17,-25,-9,96,33,47,108
610159375045,-8,17,-61,-21,12,-75,-37,91
610159387185,10,-2,-23,39,2,-13,29,123
610159387185,5,-17,-8,70,-95,-71,62,90
610159396095,13,-5,25,14,111,-44,-82,47
610159396095,1,-15,-15,-31,-88,-101,52,62
610159410300,0,-19,15,12,1,-32,31,5
610159410300,-8,-11,-54,-54,-14,4,-28,22
610159417205,-10,-10,23,-16,-10,-19,66,-51
610159417205,-9,-2,-56,-119,88,40,-42,-18
610159433508,-10,19,-88,-128,25,32,-50,-53
610159433508,-13,21,94,-101,127,-16,-7,-12
610159435035,-3,-3,93,-36,68,6,-7,-45
610159435035,12,13,30,55,13,19,11,-14
610159447204,14,-30,7,-65,66,-13,-56,-7
610159447204,12,0,-22,75,114,-49,-60,29
610159456059,3,1,-25,75,55,-69,85,-13
610159456059,6,2,-24,88,97,-66,10,10
610159470394,7,-10,-58,-35,46,-62,-34,2
610159470394,16,2,-107,-80,-78,-53,-128,-11
610159477242,2,2,32,119,-6,-12,-56,9
610159477242,0,8,83,-92,-1,-23,37,-2
610159493288,-4,41,-33,74,-35,20,-104,24
610159493288,-3,-20,103,127,-47,92,-1,25
610159499755,4,-7,38,45,-23,-23,31,11
610159499755,4,-14,-40,19,73,22,-9,21
610159507172,-24,-1,78,-110,-98,9,127,3
610159507172,-15,19,-58,-28,17,-1,-53,-8
610159516059,-21,-30,29,68,-128,-29,-102,-18
610159516059,-16,-14,53,67,-110,33,-41,-21
610159530455,-10,-20,47,95,51,-128,-57,3
610159530455,-11,-15,-38,120,8,14,12,-17
610159537043,3,11,69,29,-100,81,127,-12
610159537043,5,6,31,-23,-122,127,63,15
610159553490,8,-5,27,83,-52,127,-81,28
610159553490,8,1,49,-84,-95,-101,108,36
610159555095,15,1,-76,-55,15,-121,-91,-71
610159555095,4,0,-40,15,1,-128,-21,2
610159567172,12,-8,-54,-25,-100,-81,-105,-51
610159567172,19,-13,-32,-88,-61,-74,-69,1
610159576046,10,28,-7,-89,119,94,-128,-67
610159576046,8,36,-17,72,110,106,49,-116
610159590424,7,3,23,-17,-60,98,-20,-128
610159590424,-19,16,16,109,-98,118,-4,-32
610159597164,3,-13,-73,20,48,-83,-101,33
610159597164,0,-22,-28,-64,-90,-54,24,69
610159613526,0,-20,0,68,73,-100,-23,-54
610159613526,12,-21,5,8,39,106,79,-41
610159615023,-4,3,-58,-5,51,-72,18,-32
610159615023,-5,13,64,73,98,-38,-18,20
610159627267,13,1,50,21,75,-128,16,19
610159627267,18,-13,9,71,8,-128,47,-98
610159636064,36,13,-32,-46,-62,-89,-115,27
610159636064,49,-18,-30,-104,-86,-56,-21,-83
610159650461,-11,23,-6,-58,-115,-6,-43,117
610159650461,29,20,59,13,-30,98,-76,47
610159657145,-49,4,-39,-56,-103,56,-50,127
610159657145,-72,17,36,-49,-128,59,5,99
610159673584,-72,54,-3,127,-102,96,52,77
610159673584,-128,54,33,58,-104,-5,14,127
610159675099,-100,33,32,127,-37,25,84,-43
610159675099,24,32,13,38,10,64,72,2
610159687198,36,26,-23,-43,105,104,123,-90
610159687198,63,6,60,-122,127,17,13,-100
610159696139,19,-20,31,-128,123,53,12,-64
610159696139,10,-35,-42,-61,127,76,-128,20
610159710331,52,-113,-64,-128,127,-74,-78,-2
610159710331,42,-128,-128,-123,127,4,-89,-2
610159717041,27,-115,-39,-52,116,65,54,21
610159717041,16,-54,-31,-62,-88,45,-64,-76
610159733619,-17,10,19,-124,-98,13,29,-30
610159733619,-49,47,-12,-128,-107,12,55,20
610159735094,-47,103,26,17,-86,-2,127,-69
610159735094,-124,21,6,91,11,-38,35,51
610159747224,-93,56,29,126,47,-35,104,65
610159747224,-41,78,49,127,55,-82,-7,-8
610159756051,40,75,26,68,38,11,80,-14
610159756051,112,96,41,124,-17,-128,13,-8
610159770408,60,112,54,115,71,-51,11,-59
610159770408,35,122,47,-25,71,-121,-51,-21
610159777224,41,104,-53,57,114,-95,-61,0
610159777224,73,4,-51,96,-9,-3,-45,-47
610159792600,83,-76,-57,35,-16,-91,-40,-32
610159792600,103,-119,-12,-61,-54,37,-88,-12
610159801101,87,-128,-35,-12,47,36,-106,18
610159801101,41,-36,-14,27,116,66,-43,37
610159807257,-16,-91,-1,-63,-49,54,-54,28
610159807257,-87,-93,-38,-76,-92,54,-64,-4
610159816046,-127,-128,-7,-56,-128,51,11,1
610159816046,-107,36,0,36,-57,40,6,-20
610159830347,37,-37,10,-91,0,33,27,28
610159830347,-82,-7,-2,-9,-12,-7,77,4
610159837191,8,30,47,-126,-17,-21,35,30
610159837191,-99,-22,89,74,-109,-41,14,-21
610159853680,-14,90,83,-14,-87,-18,-27,-4
610159853680,-33,116,53,-21,44,-60,26,5
610159855071,63,125,69,64,35,-29,-3,-14
610159855071,76,108,-3,2,-35,-75,3,-24
610159867139,87,126,24,58,46,-6,6,-34
610159867139,68,107,-32,91,-31,-22,83,-23
610159876182,76,127,-19,28,-121,-2,75,-22
610159876182,39,101,-26,-16,-17,-4,-19,-9
610159890412,-34,-97,-11,-37,-16,30,17,-18
610159890412,3,-41,-42,127,-25,-1,-70,78
610159897194,-93,44,-85,-90,-5,46,-71,101
610159897194,-54,-71,-37,-110,-56,1,18,54
610159913446,-100,69,-36,-52,-75,55,8,-55
610159913446,-24,18,-18,-36,32,41,-45,6
610159915048,-85,-89,-13,74,-4,15,-26,3
610159915048,-36,-84,-42,-57,-12,11,-9,38
610159927247,25,87,-5,117,117,-14,-32,26
610159927247,34,-44,-10,-39,35,-9,-4,-118
610159936078,41,-104,-21,-74,-86,-16,-16,31
610159936078,57,49,-15,-8,127,-28,8,-38
610159950384,14,-128,-42,-113,-89,-3,-7,-6
610159950384,44,26,3,28,53,-6,-1,35
610159957295,28,-57,61,-45,-54,-27,5,-39
610159957295,12,-128,3,-105,3,0,-28,-5
610159973509,-72,-74,17,-53,15,-2,12,29
610159973509,-59,-102,-12,-95,-72,11,-7,-10
610159975013,23,57,-30,74,84,6,-15,-15
610159975013,100,127,1,120,127,3,-14,-18
610159987233,-14,-61,-23,-73,-50,10,-9,7
610159987233,1,23,-33,64,-3,-11,8,-11
610159996063,9,-119,5,54,37,0,-2,-5
610159996063,-40,66,43,27,44,-18,-3,8
610160010303,6,87,23,45,-28,-2,3,8
610160010303,40,84,37,85,-41,-13,1,25
610160017044,17,20,58,-90,-96,-21,9,-26
610160017044,71,-65,26,71,-32,-13,7,-17
610160033680,6,-29,12,-54,-34,-20,10,-3
610160033680,60,63,-69,-12,41,-12,10,-3
610160035045,12,-37,5,54,76,-17,-8,1
610160035045,-70,-20,-6,-75,-45,-7,4,-10
610160047241,-43,63,18,115,83,7,-6,13
610160047241,-91,-1,52,-113,-76,10,0,9
610160056101,-94,67,-42,-81,-61,11,-2,-7
610160056101,3,-104,-21,40,76,9,-12,-3
610160070385,39,-83,-13,11,-18,16,-5,5
610160070385,-20,-64,-10,21,54,14,-12,20
610160077303,-20,29,5,62,119,6,-7,2
610160077303,-83,3,1,-71,12,11,-10,1
610160093421,-92,32,-6,-29,-7,30,-4,6
610160093421,36,-99,-8,-114,-102,-10,-7,4
610160095016,62,3,-18,23,30,4,-1,12
610160095016,40,-95,-42,-128,-128,-19,4,-5
610160107199,98,-20,-53,-42,-75,-22,5,-6
610160107199,85,-111,40,-74,-103,-13,11,24
610160116109,92,-57,-32,-128,-98,-13,-1,10
610160116109,36,28,35,-58,-114,-16,6,6
610160130457,50,63,-45,-128,-85,-6,3,16
610160130457,10,-76,-76,-108,-52,-20,-9,-7
610160137248,-11,-31,-39,-83,-99,3,-2,7
610160137248,-68,-45,-64,-71,-41,-8,-5,-6
610160152823,25,14,12,14,-1,-36,-4,-14
610160152823,-82,35,-18,85,78,-2,-7,9
610160159671,-107,-3,-53,118,35,18,2,-35
610160159671,-42,25,29,30,-51,1,0,0
610160167216,39,-61,35,73,23,63,-1,-18
610160167216,71,-34,18,71,25,115,-2,-21
610160176204,-10,38,17,-94,-128,-55,3,5
610160176204,-26,4,22,104,99,-106,-1,22
610160190469,-53,-32,2,-42,100,-12,-8,15
610160190469,-99,-71,11,-58,-109,63,-2,22
610160197129,-27,11,-3,-6,126,-32,-7,-21
610160197129,-39,67,-41,36,-44,-10,-1,-18
610160212794,7,33,14,-71,-91,14,-6,14
610160212794,84,73,-5,-38,-15,-49,-3,-2
610160219611,72,31,6,38,18,-17,-3,7
610160219611,63,13,-10,-120,-54,48,2,5
610160236056,62,-7,-11,43,36,-35,0,-25
610160236056,24,70,43,16,37,-42,7,-19
610160237502,-81,13,13,65,-117,14,22,-22
610160237502,44,-85,45,39,37,10,11,-29
610160250319,-62,-22,46,56,-6,7,4,-13
610160250319,-7,11,73,62,82,-26,-3,-3
610160257280,37,-5,-24,5,44,29,-12,1
610160257280,-78,-9,-7,-65,-106,25,0,0
610160272787,-73,-35,-26,-93,-91,-24,2,-2
610160272787,-96,-17,-36,-47,-104,-1,11,-3
610160279776,86,-13,-19,58,72,4,11,6
610160279776,110,35,-29,106,127,10,0,20
610160295990,-41,10,0,-25,-41,16,3,20
610160295990,-104,-19,-5,-89,-88,-2,7,-9
610160297554,-116,7,1,-100,-89,32,-2,13
610160297554,78,33,-10,62,91,27,21,-3
610160310306,-68,-17,8,-48,-30,22,-9,23
610160310306,24,2,-30,62,70,9,-9,11
610160317191,-5,-103,-65,-25,5,-10,-3,9
610160317191,-46,-61,-85,-111,-80,24,-30,2
610160332826,76,-76,-28,67,47,-2,5,5
610160332826,-42,-63,-33,37,35,-7,-12,20
610160339735,68,-35,27,34,-19,-5,-17,15
610160339735,-87,-4,41,-11,10,-24,-6,-2
610160356128,56,26,-17,46,47,-27,-8,-12
610160356128,-6,6,68,-40,-73,-41,-4,-4
610160357543,-29,22,41,-13,-25,-11,-13,43
610160357543,-49,35,19,-61,-56,4,-8,3
610160370452,-112,0,-32,-96,-123,-10,-16,-12
610160370452,19,0,31,11,9,-20,-9,-16
610160377095,-37,67,25,-27,-62,2,-1,-21
610160377095,78,22,41,52,45,-5,0,-13
610160392904,2,52,19,51,102,1,6,-28
610160392904,33,44,-46,-32,-7,-5,12,-25
610160399799,37,-10,14,-5,43,3,7,-10
610160399799,-119,-50,-23,-123,-121,10,6,1
610160416133,-37,-32,46,34,-86,9,18,-26
610160416133,67,5,23,96,53,16,9,7
610160417525,22,-58,-40,-24,16,-5,15,-7
610160417525,-15,-25,4,-90,-83,-1,4,-4
610160430452,59,11,1,-33,51,-10,8,10
610160430452,-14,6,1,-73,-46,-9,5,-6
610160437057,31,52,12,37,76,-7,-8,2
610160437057,65,26,-10,-36,68,-6,7,8
610160452945,-47,-7,-31,-2,-31,-18,-10,13
610160452945,-33,-5,-37,0,-53,12,0,15
610160459791,-14,-34,-33,-8,-64,-5,-1,5
610160459791,44,-40,-29,47,32,13,-12,-17
610160475976,-34,-50,-16,-45,41,-3,-15,-6
610160475976,17,-37,-18,31,50,14,-11,5
610160477540,-81,-67,-25,-109,-67,35,-8,6
610160477540,-17,-47,7,32,-71,16,-9,2
610160489775,35,-7,-27,52,-46,7,-5,0
610160489775,68,-8,10,42,23,-47,-8,-11
610160498547,70,44,26,9,67,32,-1,-23
610160498547,-111,23,19,-128,-111,-8,3,-26
610160512877,-29,47,52,-64,-53,-6,10,-16
610160512877,-55,30,51,-128,-109,-23,15,-29
610160519721,55,83,69,70,34,-29,10,-16
610160519721,-9,39,52,15,19,-18,12,2
610160536135,-88,54,12,-58,-66,3,7,-13
610160536135,-52,67,51,-49,-29,-7,3,-47
610160537590,-95,-68,-10,-117,-79,2,5,-15
610160537590,64,27,3,55,127,10,0,-24
610160549592,22,-57,-2,1,4,-17,-8,28
610160549592,-23,-11,9,-49,-85,18,-4,35
610160558626,99,-4,-51,-4,-17,-12,-17,47
610160558626,23,-24,-95,108,-84,16,-7,60
610160597099,54,-82,-70,66,-19,8,-8,28
610160597099,81,-30,-21,102,112,25,-13,-49
610160611556,-17,-99,-125,-39,-67,42,2,30
610160611556,-34,39,-75,-32,-28,6,-11,92
610160612324,127,96,-13,67,74,29,-4,97
610160612324,-6,-22,-49,-3,-11,8,0,86
610160613117,-88,-107,53,-64,-87,-30,4,40
610160613117,46,17,83,27,52,-9,4,-29
610160613903,42,11,-20,1,-18,-23,0,-15
610160613903,106,-19,15,44,87,-24,-4,-54
610160618541,3,29,102,13,9,-22,-10,-55
610160618541,-98,-26,71,-110,-77,-19,-4,-40
610160632765,-100,48,123,-71,-33,-12,-3,-77
610160632765,31,79,53,56,59,-5,5,-14
610160639529,30,124,66,70,53,-12,3,-29
610160639529,50,37,41,-20,11,-14,13,-21
610160656009,-58,-15,18,-64,-78,-3,13,-33
610160656009,-57,-10,-55,73,-52,-6,8,-4
610160657534,60,34,-33,-43,23,0,15,14
610160657534,-78,-54,-64,-48,-43,-1,5,-17
610160669772,61,-34,-30,-8,0,2,6,15
610160669772,-20,-19,-38,-72,-32,26,4,20
610160678563,-117,-41,-30,-68,-57,28,4,14
610160678563,-73,-48,-24,-60,-48,23,-4,12
610160692981,-82,-25,-9,-37,14,29,-2,14
610160692981,-97,-33,-1,-68,-36,18,0,22
610160699693,-69,-8,6,-18,-9,9,-5,-12
610160699693,-95,-23,11,-108,-57,-15,-7,-21
610160716126,72,18,31,52,57,-8,-5,-7
610160716126,47,4,19,16,-8,-15,-5,-1
610160717574,64,28,9,64,25,-17,-5,-35
610160717574,7,7,-2,-31,10,-16,-3,22
610160729779,-96,-8,-32,10,-22,-32,1,-52
610160729779,-25,-10,-13,-55,11,-20,0,46
610160738610,41,16,-11,-17,3,-8,-7,20
610160738610,-29,-13,-42,22,12,6,6,6
610160752995,-54,-25,-45,-43,-89,26,5,-14
610160752995,-115,-46,-38,-114,-88,20,-7,-1
610160759630,-128,-57,-21,-80,-57,38,-5,-1
610160759630,51,-33,15,84,-3,26,-6,1
610160775745,-128,-59,-17,-128,-68,19,-8,26
610160775745,-31,-85,22,21,-25,13,-6,-1
610160782235,87,-53,-21,114,-54,-8,1,3
610160782235,-12,-40,-3,11,39,-20,-1,-17
610160789713,14,18,0,-5,13,-15,5,2
610160789713,31,57,31,67,96,-5,1,-14
610160799266,-10,86,10,17,17,-39,-6,-18
610160799266,18,69,-12,36,-5,-24,-3,-12
610160812931,-66,26,20,-71,-60,-25,-4,-15
610160812931,-5,37,1,-12,-12,-8,-3,-12
610160819622,-18,-10,7,-69,-32,1,-2,-11
610160819622,-85,-32,-19,-105,-49,5,1,-11
610160836153,22,-47,-6,-52,6,8,-2,9
610160836153,-118,-43,-20,-128,-89,7,7,1
610160837611,-14,-7,-1,-6,-82,7,6,1
610160837611,-54,-19,4,-80,-68,5,4,12
610160849780,24,13,8,56,25,-8,-2,15
610160849780,-68,3,-8,-67,-53,-15,0,-2
610160858682,-90,0,3,-90,-6,-8,-4,-1
610160858682,-87,-15,-1,-121,-24,2,1,0
610160872961,10,7,-10,43,19,-3,0,-5
610160872961,24,-2,-17,-27,3,2,-5,0
610160879779,-15,-12,-6,-15,21,-2,-3,3
610160879779,38,-14,-31,3,5,4,-3,-1
610160903525,-83,-50,-28,-96,-25,4,-9,-3
610160903525,-57,-42,-24,-98,-18,-4,-1,-1
610160905074,53,1,15,56,92,3,-2,2
610160905074,-54,-15,11,-61,-8,6,-8,-4
610160909746,11,2,-8,16,13,2,-5,1
610160909746,-25,6,4,-39,-18,0,-5,-6
610160918610,56,52,14,66,25,-12,-11,-10
610160918610,-23,25,-1,-53,-26,-10,-7,-13
610160932953,45,42,44,79,35,-8,-7,-4
610160932953,-13,35,35,-11,-8,-3,3,2
610160939563,-55,21,20,-65,-17,4,5,-5
610160939563,-22,8,41,-36,17,0,6,4
610160956108,-30,13,16,-14,-6,2,9,-6
610160956108,-30,13,14,-30,-28,-4,9,7
610160957582,-69,-28,-23,-86,-38,8,3,6
610160957582,-51,-13,-14,-95,-38,3,3,5
610160969714,-110,-6,3,-128,-67,4,2,8
610160969714,-38,-6,-23,-48,2,10,-2,3
610160978671,-46,27,-10,-49,-21,-1,0,4
610160978671,-27,-96,-18,8,4,5,-2,6
610160992734,80,-103,-46,79,63,11,-6,8
610160992734,13,-83,-24,40,1,13,-5,25
610160999634,55,-52,-16,36,47,9,-10,-7
610160999634,127,-5,-9,127,30,-5,-11,21
610161031023,-9,-6,-13,-25,-51,28,-6,6
610161031023,8,-31,-6,5,-69,-16,-5,-14
610161037143,-63,-5,-24,-43,-68,-14,-9,-3
610161037143,-3,32,27,17,-46,-13,-5,22
610161061134,-40,-1,22,-56,34,-21,-8,-13
610161061134,58,79,23,58,27,-7,-2,-9
610161062591,-119,-18,19,-127,-21,-5,1,-7
610161062591,80,10,45,127,121,-6,3,-26
610161083648,-61,37,36,-85,-13,-12,8,-3
610161083648,-13,53,21,12,39,20,4,-9
610161085047,-46,-20,21,-86,0,-5,7,-1
610161085047,-54,20,-12,-73,-17,8,8,-5
610161114865,4,4,-4,-12,3,-6,5,2
610161114865,17,-12,-26,-20,-1,-4,6,0
610161116369,-4,-1,-36,-5,-22,7,1,-4
610161116369,-14,-4,-38,14,-25,7,2,0
610161117390,-17,-14,-19,20,-24,5,-3,19
610161117390,-87,-36,-26,-97,4,6,-3,-1
610161122489,56,0,-6,84,12,6,-6,12
610161122489,61,-5,-11,17,47,10,-10,-9
610161123261,127,3,-5,127,27,9,-8,1
610161123261,124,13,18,120,83,-3,-14,-6
610161124122,-34,-20,3,-45,-13,-4,-8,0
610161124122,1,-15,21,-22,29,9,-8,-7
610161135447,-110,7,-35,-122,-52,-4,-5,-2
610161135447,-77,-13,9,-87,-66,-25,-5,-7
610161142257,-23,6,21,-21,-30,-3,0,12
610161142257,-76,33,18,-40,-40,-17,4,-2
610161149792,-36,16,1,-26,21,-8,4,-11
610161149792,-106,8,9,-104,-23,4,3,6
610161164777,-31,9,13,0,-1,6,14,7
610161164777,-85,1,10,-81,-27,6,3,3
610161172864,-7,-12,4,1,-12,5,9,4
610161172864,-56,-17,-16,-45,-17,5,1,2
610161179606,70,18,-6,61,3,4,4,-2
610161179606,-55,-29,-35,-62,-20,5,0,6
610161195480,-24,-18,-16,-44,1,0,2,5
610161195480,7,-35,-45,8,0,1,0,-6
610161202133,-32,-43,-27,-23,2,0,2,-3
610161202133,11,-19,-11,57,15,-8,-6,-10
610161218577,43,-19,14,52,54,-2,-5,3
610161218577,33,-6,11,4,7,-4,-8,-9
610161220045,-54,-6,-7,-69,35,-2,-7,-11
610161220045,44,16,22,5,-37,-4,-6,-6
610161232958,-14,7,-13,-62,-33,-18,-4,-9
610161232958,74,36,19,71,45,-6,-2,4
610161239685,-45,1,6,-72,-48,-13,-5,-16
610161239685,-42,14,13,-28,-4,-8,2,-3
610161255422,-9,36,23,16,15,2,3,-6
610161255422,2,6,21,4,-13,-7,3,1
610161262241,-18,14,15,-48,-10,0,2,4
610161262241,11,25,1,19,-5,-2,5,-5
610161278593,-31,-10,-21,-50,-26,5,-2,2
610161278593,17,-4,-16,-10,-11,-5,1,4
610161280073,9,-20,-17,12,4,14,0,-1
610161280073,13,-20,-19,26,2,1,-1,10
610161292971,-20,-25,-10,10,-12,0,-3,10
610161292971,-92,-27,-9,-51,-13,8,-3,-1
610161299689,-86,-28,-15,-56,-21,0,-1,9
610161299689,-37,-24,-25,-43,-31,0,0,-2
610161323543,-11,-12,-7,-6,-13,10,-3,3
610161323543,-13,-6,-5,-32,-20,2,-4,-5
610161325038,104,8,3,113,37,-5,-2,-5
610161325038,-62,-17,-14,-26,-9,-2,-7,-4
610161338667,-44,-14,7,-58,-2,-12,-3,-6
610161338667,-48,-13,0,-42,1,-10,-4,-9
610161340133,-46,-2,6,11,-10,-11,-2,4
610161340133,51,21,-1,22,20,-2,0,-7
610161352786,42,30,7,44,17,-5,-4,3
610161352786,29,31,9,31,1,-4,-4,4
610161359754,-18,15,7,-42,-3,1,-6,-29
610161359754,0,18,10,-24,1,8,4,-6
610161375341,16,4,17,-16,-7,3,3,-23
610161375341,0,-11,-2,-21,-11,3,8,-1
610161382042,-25,-12,2,-31,-17,13,4,6
610161382042,26,-10,3,-20,7,2,0,-1
610161398539,-72,-20,-13,-82,-6,-5,1,19
610161398539,-6,-1,-11,18,1,-1,3,10
610161400057,-22,-5,-16,2,-11,-2,2,6
610161400057,-18,-7,-18,-4,3,1,-4,7
610161412887,-15,-4,-3,3,2,4,6,2
610161412887,4,-3,-5,3,-4,2,-3,4
610161419742,9,-5,11,19,-5,-3,-2,-2
610161419742,7,-1,2,-14,-22,-2,-3,3
610161435492,-63,-16,-8,-38,-13,1,-3,-2
610161435492,-19,-5,-16,-25,-21,-4,0,-7
610161442183,-30,-8,-14,-68,10,0,1,26
610161442183,-61,-21,-2,-66,10,-2,-1,-3
610161458679,-32,-6,9,-42,-5,3,-6,-5
610161458679,-16,-4,-4,-28,19,12,-2,3
610161460100,26,3,0,44,-9,-5,2,10
610161460100,-47,-17,-5,-47,-14,-8,1,8
610161472991,-35,-4,-6,24,3,-16,-2,-2
610161472991,-39,-6,-8,-50,-3,-7,-3,2
610161479628,8,8,2,23,-26,-1,-4,4
610161479628,-39,-5,-2,-60,-34,0,-1,-6
610161495422,50,7,0,20,12,5,0,1
610161495422,7,-7,3,12,-4,-2,-5,0
610161502264,-28,-10,10,-39,-14,0,0,2
610161502264,-13,3,9,-7,-3,-2,-2,1
610161518452,-10,3,-1,-12,-4,5,5,1
610161518452,-35,-3,-4,-20,4,4,7,-2
610161520021,-26,-4,-17,-26,6,-7,0,2
610161520021,-23,-13,-8,-11,1,5,1,2
610161532867,12,-19,-10,9,18,8,3,2
610161532867,-56,-21,-5,-31,-13,-8,3,0
610161539808,-57,-13,-9,-64,5,1,0,-4
610161539808,12,-1,-9,12,54,6,-6,-4
610161555397,21,-4,-2,-3,9,7,-6,-5
610161555397,45,7,-7,45,26,-4,0,-2
610161562162,98,15,21,78,-16,-5,-4,5
610161562162,63,27,-5,61,-4,12,-1,-1
610161578546,-59,-11,-1,-92,-33,-15,-1,-2
610161578546,-25,-6,10,-31,15,-7,3,-1
610161580032,53,6,5,-2,-10,-10,-2,-2
610161580032,-27,-3,1,-39,-23,-9,-2,-5
610161592960,-25,-2,-5,-8,0,2,-6,2
610161592960,28,12,-1,41,12,-3,4,1
610161599755,2,-2,-9,26,-10,2,-1,1
610161599755,-27,-10,11,-33,-5,-6,2,4
610161624320,52,3,1,67,17,-6,3,4
610161624320,-25,-7,1,-60,-21,0,-9,4
610161625746,-89,-17,-4,-91,-15,1,2,-5
610161625746,18,-6,-9,-21,24,-3,4,0
610161638637,45,2,13,9,1,-14,1,-1
610161638637,-12,-8,-9,-8,-35,-2,3,-1
610161640067,-32,-2,0,-24,0,-2,-1,-2
610161640067,-19,-3,0,24,7,-4,0,0
610161652919,0,10,0,16,-1,2,1,-6
610161652919,50,11,-1,47,51,-3,-1,-3
610161659661,-77,-15,-7,-67,-30,2,-1,-4
610161659661,38,3,-2,55,23,-1,2,-1
610161675476,27,10,13,10,-1,12,-2,8
610161675476,-10,-1,0,18,-48,4,-1,-2
610161682316,-16,1,-8,-34,15,-5,3,-7
610161682316,-64,-6,-6,-49,-10,0,-2,-1
610161698536,-33,-4,-14,-47,-29,-9,-2,-3
610161698536,-24,-4,-12,-48,-8,-6,-4,1
610161700019,16,4,-10,-11,-1,12,3,-9
610161700019,-17,-7,12,53,-23,-6,-2,-1
610161712162,-9,3,20,-27,-2,1,2,1
610161712162,5,0,6,-69,-62,4,2,5
610161721101,-2,12,4,-21,-11,-3,-6,2
610161721101,37,5,-5,25,39,-3,-3,4
610161735309,11,-8,-2,-13,28,-5,-1,1
610161735309,45,-4,3,24,-6,7,-5,-5
610161742309,-49,-19,-12,20,-19,-6,-3,-1
610161742309,14,4,7,-8,-43,5,3,1
610161758487,-1,-1,-8,35,-27,-14,0,0
610161758487,-29,3,-6,52,27,6,-2,-3
610161760049,84,11,65,91,3,-8,-5,-4
610161760049,-40,-12,-113,-128,-58,0,-1,-13
610161772256,-12,-11,-72,26,-32,1,3,-3
610161772256,58,11,-55,83,10,-4,0,5
610161781208,-24,-3,-5,21,17,8,-1,-2
610161781208,1,2,53,-14,-11,1,1,5
610161795478,-19,7,30,-43,1,0,-8,-4
610161795478,-22,-4,17,-24,-33,-2,4,-3
610161802281,-53,-11,-21,-86,4,-6,-6,3
610161802281,73,13,24,64,22,-6,1,-1
610161818505,-71,-9,-20,-50,8,1,0,-3
610161818505,-41,-8,17,-16,19,5,1,-1
610161820132,-3,1,-15,-10,4,-1,0,-2
610161820132,-39,-9,0,0,-10,-5,1,1
610161832196,-25,-10,7,8,-2,1,1,-3
610161832196,-43,-6,-11,-57,-2,-4,-7,4
610161841100,-9,-1,-9,-10,3,-1,2,-2
610161841100,-32,-5,-8,-71,3,1,-2,-3
610161855469,-13,1,7,6,-2,2,-6,3
610161855469,-3,-4,9,-20,-3,-4,0,-4
610161862104,6,-5,-23,-11,10,6,-3,1
610161862104,-10,-7,7,43,6,0,-4,47
610161878407,25,2,-13,52,6,-1,2,-25
610161878407,30,4,14,37,3,-6,-2,-9
610161880021,8,0,7,74,17,-1,-4,-14
610161880021,-19,-11,-8,-44,19,-4,-2,-5
610161900254,-40,-12,-7,-41,24,-2,2,11
610161900254,-4,1,-1,0,-1,2,2,0
610161901045,10,0,0,24,0,0,-4,-5
610161901045,-33,-6,-3,-34,4,-3,-7,-12
610161916109,8,-1,-7,-1,-14,6,-9,5
610161916109,-38,-7,-6,-13,-10,0,-1,-7
610161922048,-2,-4,-7,19,-13,-8,0,5
610161922048,14,7,2,32,-11,-4,-5,-11
610161937768,0,-1,-14,-12,-17,-6,0,0
610161937768,-41,-8,-2,-57,-4,-1,0,6
610161938552,-34,-3,-4,-54,-5,0,0,6
610161938552,-50,-5,0,-25,16,0,2,5
610161960258,6,-3,5,-2,22,1,2,2
610161960258,-46,-14,-9,-27,8,-4,-1,2
610161961059,10,-1,-6,4,-4,-9,2,7
610161961059,36,2,-12,39,-19,1,3,-6
610161976071,8,1,5,11,9,-2,2,4
610161976071,-35,2,-12,-40,-2,3,-3,1
610161982076,16,13,11,-11,3,2,8,1
610161982076,81,27,7,73,3,5,-3,-9
610161997754,-24,9,-2,-9,17,2,-3,2
610161997754,14,4,-3,18,-16,-6,-2,2
610161998515,-14,3,19,4,12,-7,-8,-1
610161998515,4,-7,5,-14,-2,9,1,0
610162020276,37,2,-6,34,-4,-7,2,-1
610162020276,38,0,-11,61,-9,-3,-1,-2
610162021020,-54,-32,-26,-39,30,-2,-3,0
610162021020,-9,-29,-22,-5,4,0,0,-9
610162036084,22,-45,-19,-12,21,-2,-4,-1
610162036084,42,-10,-7,-1,-31,6,1,-2
610162042128,108,9,-4,62,-42,-2,-5,0
610162042128,27,10,5,49,-4,-6,-6,-5
610162057080,-92,12,5,-96,8,2,-1,0
610162057080,-34,7,23,-46,32,-15,-3,-6
610162064654,-39,18,19,-27,-23,9,-2,-4
610162064654,-51,2,6,-32,-11,-17,-6,-1
610162080242,10,10,15,5,-24,-3,4,-3
610162080242,-15,-3,8,-28,20,6,4,2
610162081035,-5,-1,-75,-3,-8,4,6,-3
610162081035,-67,3,52,-66,8,0,1,5
610162096101,3,4,45,15,-10,0,3,-3
610162096101,16,-2,-55,4,7,3,3,-2
610162102060,-7,-15,-46,0,33,-1,3,2
610162102060,-41,-10,51,-19,-8,-1,1,-4
610162117298,44,4,-8,72,23,2,-5,-6
610162117298,-8,-5,-25,24,9,2,4,-14
610162124717,26,-1,52,3,44,-12,-3,-12
610162124717,106,15,-11,102,77,5,-2,14
610162140481,44,10,6,15,-17,0,3,4
610162140481,100,10,13,82,8,-9,-5,3
610162141110,-16,-9,-25,-23,-24,-5,-3,-5
610162141110,2,-27,-27,31,7,7,1,-1
610162156239,-1,4,-36,0,28,-12,-6,1
610162156239,-88,-10,-19,7,-94,17,-8,7
610162162186,-61,-10,28,-31,36,-12,-4,-5
610162162186,-7,0,-31,3,-77,-93,-8,-4
610162177096,23,3,-3,-24,-55,61,-4,-3
610162177096,96,26,12,34,-22,-13,-1,2
610162184652,-15,6,29,-51,-81,44,4,12
610162184652,88,18,13,61,-15,-9,0,-29
610162200330,-13,-3,14,-49,13,35,-3,-19
610162200330,-57,-11,-13,-105,1,-22,-2,-17
610162201011,66,-4,-18,-13,13,-4,3,-6
610162201011,57,3,-31,-115,26,-11,4,-1
610162216104,42,-1,36,-34,3,-6,-3,3
610162216104,-40,-26,-12,-21,21,22,-1,4
610162222295,55,2,-56,90,40,-20,2,8
610162222295,-41,-16,-45,18,-21,25,0,-4
610162237144,25,-2,-3,48,6,0,3,-4
610162237144,-38,-7,4,-79,-22,4,-1,2
610162244612,96,14,40,87,20,-1,-4,6
610162244612,-42,3,-7,-21,24,63,0,5
610162260402,-110,-3,-13,-49,26,-3,-6,0
610162260402,-34,-7,50,-8,7,-9,-2,-9
610162261149,-53,2,-14,-77,-84,22,-6,-5
610162261149,19,13,-13,-10,-53,5,-1,4
610162276213,-42,6,7,-20,-16,-43,-6,5
610162276213,22,16,22,3,16,2,0,2
610162282240,-74,9,13,-60,-18,2,1,4
610162282240,-73,1,-51,-68,-7,-10,1,-1
610162297284,-3,3,-18,-37,-79,-31,3,2
610162297284,34,-6,17,13,92,-2,0,10
610162304788,-2,-2,-2,16,40,-10,0,2
610162304788,-15,-46,3,20,50,-2,-3,-10
610162320500,55,-43,-40,-30,-38,10,1,-1
610162320500,31,-9,-5,-1,-51,15,2,9
610162321079,-66,-29,11,-126,29,-4,0,-3
610162321079,-91,-5,50,-78,-1,-21,0,-10
610162336079,45,8,8,13,-16,4,-5,4
610162336079,56,8,7,16,4,-11,-4,-12
610162342109,54,12,-7,52,16,5,-12,-23
610162342109,-24,2,-4,-34,-4,2,0,1
610162357200,-32,1,-15,33,-23,-12,-6,1
610162357200,-92,65,-36,-49,-33,-10,-2,3
610162364735,-75,-104,-28,-1,0,-9,0,-7
610162364735,-13,-78,-14,16,24,6,-3,-2
610162380429,-58,-68,-12,-8,37,-9,7,0
610162380429,-35,-17,-6,40,15,19,-2,-5
610162381126,2,20,-2,26,42,-7,3,6
610162381126,-73,7,-16,-71,-107,-5,-2,2
610162396208,34,25,12,34,25,4,3,3
610162396208,-14,-7,12,-34,-14,-16,5,3
610162402304,109,43,39,82,-9,-5,-5,5
610162402304,111,29,23,88,-33,2,-1,4
610162417304,37,33,0,46,-15,-3,-2,-3
610162417304,97,15,25,59,-14,-15,-7,-28
610162424850,-16,8,-19,-21,-52,22,-2,107
610162424850,-17,0,19,-35,-4,19,7,-21
610162440434,-26,-17,11,-25,-1,19,9,11
610162440434,-2,-25,18,-3,14,17,-2,-6
610162441070,-59,-9,5,-21,-2,8,6,2
610162441070,39,0,-5,49,36,-3,-2,7
610162456120,-1,-2,-15,20,19,-16,-4,-20
610162456120,-9,-16,-29,-20,15,-12,4,24
610162462183,34,21,19,21,21,-2,3,-42
610162462183,-47,-5,1,-88,38,18,0,6
610162477258,95,19,2,62,50,-7,0,-19
610162477258,25,-9,-49,-70,34,0,-1,5
610162484613,46,-24,30,-16,-54,-12,-4,-20
610162484613,21,5,8,1,-41,-15,-6,2
610162500373,-71,16,3,-20,-38,-11,0,13
610162500373,-83,27,0,62,-18,-2,-1,2
610162501185,-89,32,-6,33,-4,-8,-2,-17
610162501185,-65,14,29,-17,-27,-3,-5,4
610162516065,-62,9,43,-75,-60,1,-4,-5
610162516065,53,8,24,-30,-67,0,-7,-3
610162522238,0,19,-27,-105,-15,-1,-7,-8
610162522238,32,35,-8,-4,29,-37,5,10
610162537205,56,21,17,20,9,-10,3,6
610162537205,-75,-19,0,-92,38,-1,-2,-3
610162544750,-10,-91,-27,-48,-115,33,8,-7
610162544750,23,-46,81,45,53,7,-3,12
610162576149,-22,-31,4,13,78,-19,-10,6
610162576149,37,-94,-22,56,18,14,9,11
610162577588,-81,-61,-14,-57,24,-22,0,-13
610162577588,-24,-60,-49,-62,81,0,-2,-10
610162597980,74,1,-18,35,30,20,-1,-8
610162597980,75,38,71,20,21,-10,-5,-2
610162606017,78,37,-21,42,1,12,-1,-9
610162606017,24,20,-48,4,-66,20,1,-3
610162606784,79,19,13,71,13,3,-1,-1
610162606784,-64,-19,-19,-16,-33,-6,-3,-4
610162607544,-94,-20,-21,-46,-22,-19,-5,-3
610162607544,-87,-10,10,-23,-17,-14,-3,2
610162620458,-26,24,-60,-17,26,-27,-3,-3
610162620458,-6,21,-53,10,-16,-30,-5,-7
610162621161,66,42,-4,102,33,-14,-1,-3
610162621161,5,50,-1,69,-33,8,-1,-2
610162636149,-81,10,-1,-10,-54,1,3,1
610162636149,3,-55,-29,0,-21,-6,3,-2
610162642211,95,-91,-10,84,21,16,1,5
610162642211,-26,38,-33,-10,-45,5,6,-2
610162657290,-112,-40,-13,-128,-91,7,-2,2
610162657290,99,74,-21,95,60,12,6,-7
610162664658,-55,-7,20,-79,-59,-5,3,4
610162664658,-64,-21,-20,-59,-54,0,-2,-7
610162680486,-18,7,-6,-37,-24,6,3,3
610162680486,-128,-25,-7,-128,-82,-4,0,3
610162681079,39,42,11,34,82,-9,-6,-21
610162681079,127,51,-11,127,107,-14,-6,1
610162696241,107,57,-6,101,92,1,0,1
610162696241,58,-37,14,32,11,12,-4,-3
610162702301,-115,-19,1,-119,-98,-11,-1,8
610162702301,-108,-61,-16,-128,-87,9,-2,8
610162717207,-117,-16,-5,-108,-98,-13,-1,-8
610162717207,-91,-79,32,-69,-40,-3,-8,-3
610162724716,-4,-47,36,-3,7,0,-2,3
610162724716,-98,-77,7,-74,-29,-2,-4,-4
610162740287,-69,-83,-7,-94,-34,-5,2,9
610162740287,-89,8,-1,-82,-49,-1,-2,-2
610162741066,-114,55,-9,-94,-8,13,1,-1
610162741066,59,33,9,48,7,-5,-5,6
610162756194,-75,-50,-33,-86,-23,9,-1,-3
610162756194,-42,20,6,-22,-9,-7,-1,-3
610162762229,-39,9,-1,-41,8,-10,2,-4
610162762229,100,38,-4,98,37,-7,-3,-8
610162777129,-102,-25,0,-95,-42,-2,-1,-2
610162777129,38,36,1,46,1,-1,-2,1
610162784738,-32,-37,-8,-58,-36,2,0,-4
610162784738,32,13,-18,24,12,5,1,-1
610162800459,70,-2,3,75,15,-1,1,-6
610162800459,-108,-49,-21,-103,-23,-6,4,8
610162801062,90,39,-5,118,55,-13,-6,7
610162801062,-128,-46,-15,-128,-47,-8,5,-23
610162838576,3,8,16,73,33,-6,-4,-4
610162838576,78,35,15,85,40,3,-3,-2
610162840097,12,16,9,-9,28,0,3,-5
610162840097,127,54,37,122,46,10,2,8
610162861547,60,30,-4,42,-1,6,5,-5
610162861547,-39,-19,-21,-50,-21,-3,-1,-10
610162862596,68,-8,-13,70,-20,18,-3,1
610162862596,37,-9,-21,27,-23,-14,-2,-4
610162882989,84,8,8,116,16,3,-2,2
610162882989,-55,-16,24,-32,-22,-3,-1,4
610162889820,-16,-11,24,-38,2,-15,-7,-1
610162889820,-45,0,17,-73,-41,-13,-3,-15
610162914274,-36,22,10,-45,-13,4,-7,0
610162914274,87,37,7,103,15,-9,4,-10
610162916676,-116,-30,-5,-86,-40,-7,3,0
610162916676,-110,-26,-9,-60,-10,11,2,8
610162936002,-43,-13,6,-39,11,-16,6,9
610162936002,61,34,16,67,32,10,4,9
610162937595,-11,33,-10,-34,17,-4,2,0
610162937595,-40,-25,-11,-70,14,8,4,11
610162942901,20,-10,-12,-44,-10,-1,-3,-9
610162942901,-48,-29,-17,-65,-9,18,1,2
610162943615,-32,-12,-12,-36,-9,-2,-4,-10
610162943615,25,-3,3,20,-10,6,-2,-4
610162951025,7,-6,7,15,-16,1,-7,-7
610162951025,-65,-13,-4,-67,-4,-11,-2,-8
610162951772,-59,-14,-5,-52,-34,98,-10,-3
610162951772,5,19,10,1,9,-104,-1,-3
610162957255,-38,-7,-17,-57,10,27,-2,0
610162957255,105,28,-2,93,25,-60,-1,3
610162964706,-90,-14,-13,-101,-3,0,5,2
610162964706,41,12,6,42,20,15,1,0
610162979699,-40,-17,-16,-43,-25,-3,-1,9
610162979699,-53,-15,-8,-62,-12,6,2,3
610162987263,80,16,-10,75,13,-11,4,8
610162987263,-128,-42,-28,-128,-32,22,-1,5
610162996245,-86,-14,-4,-74,-10,-28,2,-3
610162996245,-90,-11,-10,-61,-17,32,-1,-3
610163002154,11,29,9,67,3,-37,-5,-1
610163002154,-48,7,11,-31,-8,6,1,0
610163017141,-20,6,9,-13,-6,5,1,2
610163017141,2,-8,14,12,3,0,-4,-9
610163024615,-24,11,-10,-16,1,-19,2,-5
610163024615,-49,-37,-5,-78,-17,5,1,0
610163039672,-50,-28,-2,-75,-5,6,1,-7
610163039672,-52,-18,-14,-94,-19,2,-4,-4
610163047152,71,12,11,68,7,-9,0,-3
610163047152,-46,-20,-10,-60,-14,22,-1,-2
610163062765,-31,-4,-7,-36,-3,0,0,-4
610163062765,-6,-11,3,-12,5,2,-4,2
610163063524,-46,-13,4,-25,-1,-9,-4,-3
610163063524,-57,-8,9,-80,-5,-8,-3,0
610163077086,-47,-3,17,-53,-14,5,0,-5
610163077086,-81,1,4,-75,-18,-3,-5,7
610163084613,-116,-22,-11,-128,-39,13,3,-5
610163084613,1,16,-4,-7,-17,-3,2,-3
610163099570,-57,-25,-17,-61,-9,-3,4,1
610163099570,41,-3,-10,43,-2,6,9,13
610163107127,-23,-3,0,-28,5,-7,0,8
610163107127,-82,-18,-1,-73,-4,-9,4,3
610163122800,50,11,9,70,8,-5,-5,3
610163122800,-61,-9,2,-59,-1,1,-2,-4
610163123542,-3,-2,-5,-25,6,-29,-3,-2
610163123542,77,14,0,93,19,4,-5,2
610163137120,-10,-3,-13,-20,-10,-5,-4,-5
610163137120,8,5,-15,-3,-2,-7,-7,1
610163144637,33,5,12,13,-2,-16,-1,-3
610163144637,-71,-29,-9,-88,-27,5,-2,-8
610163159660,-68,-28,-5,-91,-19,-2,-2,-6
610163159660,-50,-19,-8,-62,-15,4,-3,-5
610163167143,47,2,-9,33,3,0,-3,3
610163167143,-81,-18,-4,-66,-11,-1,-6,-1
610163182742,-20,-6,-7,-41,1,-4,-1,1
610163182742,5,-14,-7,-12,-3,-9,-1,0
610163183539,26,7,14,9,1,2,-1,-4
610163183539,8,-3,-3,-15,9,4,0,-1
610163197144,26,9,-12,31,-1,17,0,4
610163197144,41,12,9,53,7,4,1,-5
610163204573,0,-3,-5,17,12,6,3,4
610163204573,33,10,-13,43,8,6,1,3
610163219656,-63,-2,18,-57,-14,-17,-10,-1
610163219656,-3,14,30,16,-4,2,-2,-3
610163227149,-49,-5,10,-35,-9,0,7,4
610163227149,-29,1,8,-22,-6,3,3,-2
610163242778,-10,6,7,11,6,2,2,-2
610163242778,-29,-8,-17,-7,1,3,1,-6
610163243568,-128,-43,-5,-128,-20,-31,-36,-14
610163243568,-78,-23,-9,-75,-9,-19,-11,-10
610163257105,31,-13,-2,29,6,-2,7,2
610163257105,78,13,-1,83,13,22,10,9
610163264637,98,105,4,95,102,117,115,109
610163264637,127,75,13,127,65,68,62,50
610163279611,127,41,-8,127,34,42,41,30
610163279611,-13,-45,-7,-64,-18,-1,-4,-8
610163287142,-56,-43,-23,-93,-38,-44,-33,-37
610163287142,42,-15,-6,42,-14,-25,-25,-11
610163302752,-41,-6,-6,-20,-12,-3,-13,-9
610163302752,-117,-16,-20,-121,-32,-24,-23,-19
610163303518,7,-36,5,-21,-47,-23,-29,-25
610163303518,-54,-19,0,-56,-27,-14,-7,4
610163317125,-40,-6,-4,-9,-14,-18,-18,2
610163317125,-38,4,-12,-13,11,-6,7,10
610163324594,-123,-24,-7,-52,-9,-12,-5,-4
610163324594,-22,-4,-2,1,3,-4,-5,-4
610163339613,-7,2,12,2,11,0,-7,2
610163339613,-14,-2,8,-37,8,-6,4,8
610163347130,27,6,-1,7,-5,9,6,0
610163347130,-22,-10,3,-60,-3,13,-4,-13
610163362806,-19,-14,-5,-55,-13,-1,-3,-7
610163362806,48,29,1,25,6,0,7,4
610163363579,-62,-16,-7,-49,-30,0,-11,-20
610163363579,-45,-42,-10,-34,-13,4,-8,-9
610163385313,10,3,-12,14,-3,6,4,-2
610163385313,-5,-16,-9,21,-4,0,2,-2
610163386045,30,-8,-4,35,1,-13,-8,-4
610163386045,31,19,10,29,7,-1,-4,-1
610163399656,9,0,4,-1,3,-7,2,0
610163399656,-47,-17,-3,-65,-5,2,-1,4
610163407146,2,-10,-9,-32,9,-5,1,-1
610163407146,-67,-19,-4,-73,-2,-5,3,-4
610163422768,10,-2,-4,0,-1,-11,-5,-3
610163422768,22,11,2,28,6,-2,4,-1
610163423567,-27,-46,-1,-16,-5,1,0,1
610163423567,-23,-10,3,-22,-2,-9,0,1
610163437100,-61,-19,-3,-50,-17,0,3,-1
610163437100,-44,-7,16,-8,-9,1,3,2
610163444681,-78,-1,-1,-46,-23,-4,-7,-2
610163444681,-74,3,7,-59,-10,-3,-4,-6
610163459601,-99,-16,1,-90,-14,-2,-3,-3
610163459601,-37,-2,5,-41,0,3,-2,-1
610163467134,5,0,3,2,-6,-7,-5,-2
610163467134,-69,-9,-8,-66,-12,-1,-3,5
610163482786,65,12,8,51,7,-7,2,1
610163482786,35,-10,-15,-8,3,3,2,-6
610163483555,70,21,1,61,10,-7,1,-1
610163483555,107,13,-2,83,5,11,3,2
610163497170,-43,-16,-10,-68,-3,-5,-4,-2
610163497170,-38,-16,-14,-37,3,-2,-10,-1
610163504610,-27,-5,-15,-49,1,-8,0,-5
610163504610,57,14,-5,47,8,-13,-4,-9
610163519658,-6,-6,-3,-15,-1,-10,-6,-4
610163519658,39,15,7,61,7,1,0,3
610163527132,23,-1,-1,12,-4,-2,-2,3
610163527132,4,-2,3,12,-7,0,1,2
610163542792,-49,-6,-16,-53,-11,10,4,2
610163542792,-41,-5,-2,-55,-6,11,3,5
610163543570,-18,2,5,9,-3,-5,-3,1
610163543570,-94,-12,-10,-81,-1,5,3,-5
610163565271,-80,-16,-6,-78,-18,-9,1,0
610163565271,-18,9,0,3,-5,-5,0,2
610163566072,-38,-8,0,-33,-12,7,-2,0
610163566072,-8,-2,0,-3,-1,4,2,5
610163579648,-59,-16,-1,-57,0,4,-6,-2
610163579648,-59,-14,-5,-97,-14,-6,-7,1
610163587162,-23,-17,6,-26,-6,5,3,-5
610163587162,-20,2,1,-31,-8,-12,-1,0
610163602780,-9,-14,0,-43,2,4,2,-4
610163602780,-12,-6,-9,-31,-17,3,-4,-6
610163603529,-3,-1,-4,3,-1,0,-2,-4
610163603529,-55,-72,-10,-50,-10,-4,-3,-2
610163617087,-31,-31,-7,-24,-6,-4,-2,-4
610163617087,-57,-30,-6,-43,-5,-3,0,-1
610163624628,-59,-29,-10,-84,-11,6,0,-2
610163624628,60,18,7,20,1,-4,-6,-5
610163639583,41,-4,-4,13,-3,-2,6,2
610163639583,-29,-31,3,-39,-4,5,2,-2
610163647114,6,9,-5,4,4,-2,-2,3
610163647114,-10,-4,-13,-7,3,4,1,1
610163678488,-66,-10,-5,-39,-2,-2,1,2
610163678488,-60,-14,-9,-48,-4,-9,0,3
610163680076,-11,-14,-7,-22,6,-9,-1,-4
610163680076,14,16,-12,24,-2,-7,-4,3
610163701008,2,4,1,-16,-15,-2,-3,-4
610163701008,32,3,-3,53,20,12,-5,-3
610163702589,-65,-5,-2,-41,-7,-5,-1,-6
610163702589,4,6,6,22,-1,3,-6,5
610163722177,29,8,0,42,11,-31,4,3
610163722177,-43,-16,2,-38,3,72,9,3
610163731115,-20,-5,-5,-39,0,23,2,5
610163731115,-46,-9,1,-45,9,29,6,-2
610163754193,38,9,3,55,9,18,1,4
610163754193,29,15,8,8,-12,-12,-1,-2
610163756587,-41,-14,-5,-36,-24,-6,0,2
610163756587,13,0,0,2,-2,10,3,-4
610163775975,46,2,-8,29,6,-9,-10,-2
610163775975,67,11,-1,58,2,-13,-2,-2
610163777590,12,3,-4,13,-3,0,-3,-3
610163777590,61,11,9,86,13,-5,-4,-3
610163797842,-14,-13,-5,-27,-6,13,-1,-6
610163797842,-25,3,-11,-11,-6,-11,-5,0
610163804676,7,-7,-7,-15,4,1,-3,-5
610163804676,-25,-20,-5,-48,-11,-11,-3,-5
610163828515,1,6,1,18,8,-2,-5,-3
610163828515,-23,1,7,-28,-5,-3,-7,-6
610163830125,8,3,-2,15,8,-7,-3,4
610163830125,11,3,-1,0,-5,-4,3,-1
610163851710,-25,-7,-3,-33,-12,5,0,2
610163851710,-29,-6,8,-19,-7,-8,2,3
610163853272,-40,-19,1,-41,-30,-12,1,-3
610163853272,4,6,0,7,-10,-12,-1,0
610163873957,-37,-7,-3,-24,2,5,-2,-1
610163873957,-79,-15,2,-46,3,-13,-1,5
610163875547,-3,-1,2,18,6,-4,-1,-2
610163875547,-37,4,0,-2,-4,3,-1,0
610163894643,-25,-1,3,7,3,-7,3,-1
610163894643,35,10,-4,20,4,-14,0,-3
610163903657,20,11,7,30,7,1,-3,1
610163903657,-3,-7,-6,-8,9,-15,0,-2
610163925985,-7,-3,2,-27,-2,-3,-3,-4
610163925985,55,9,-2,29,7,-10,0,-7
610163927555,23,1,0,-11,2,-13,1,-2
610163927555,22,-9,-9,6,-5,-1,-1,-1
610163948519,25,-9,6,0,1,-5,-4,-3
610163948519,18,-7,-14,11,-4,-8,-1,-2
610163950099,-20,3,0,-8,3,3,1,-4
610163950099,-13,12,1,-15,-6,-7,0,-3
610163971024,-3,10,6,16,0,-3,-9,1
610163971024,-29,-6,5,-29,-14,-2,-3,-3
610163977125,8,-8,3,11,1,6,1,4
610163977125,-15,-9,5,-10,-3,2,0,-5
610164000989,30,9,-9,31,0,6,2,4
610164000989,63,11,8,63,8,1,0,3
610164002584,-39,-10,-9,-48,-1,1,-1,-2
610164002584,-1,-1,17,0,2,4,-3,3
610164023473,25,11,-2,24,6,0,-3,-5
610164023473,-12,-10,-5,-20,4,-2,0,-1
610164025058,-11,3,2,-4,6,-1,-3,-1
610164025058,13,-2,-6,16,-2,-5,0,0
610164030291,-25,-7,-12,-20,-3,-6,-4,-6
610164030291,-3,2,-1,23,2,-13,4,-2
610164031042,13,8,2,21,-5,1,-6,-6
610164031042,-13,1,-7,0,-3,-5,-4,1
610164038498,-59,-13,-1,-57,-11,-1,2,4
610164038498,14,3,-4,25,-3,4,1,-9
610164040059,16,7,1,35,1,5,1,8
610164040059,-4,3,-2,7,-2,0,-3,5
610164060978,4,-3,2,-3,-2,4,4,2
610164060978,10,-1,3,8,3,3,4,3
610164062550,39,5,1,32,2,-1,2,-2
610164062550,-10,-14,1,-39,7,0,0,-6
610164067817,58,9,11,40,2,1,-1,-1
610164067817,24,6,11,-6,-5,7,-4,-3
610164068570,-29,-12,2,-33,1,1,-6,-12
610164068570,3,-5,-6,-7,-4,4,1,-4
610164075936,13,-1,1,21,9,-1,0,-10
610164075936,14,-1,-3,3,-9,-3,0,0
610164077562,20,1,1,21,-6,-7,3,0
610164077562,18,2,-4,30,-6,5,-2,1
610164082830,2,8,-8,18,-3,-2,2,3
610164082830,7,1,-3,15,0,4,-3,3
610164083619,-18,-3,-2,-9,2,-2,0,5
610164083619,-20,1,-1,-8,-1,-2,5,-2
610164105753,0,4,-4,0,2,10,-2,2
610164105753,-58,-9,-3,-51,0,-1,-1,-4
610164112143,-2,-4,1,-4,-3,0,1,0
610164112143,12,6,6,29,-2,-4,-2,2
610164127812,-7,0,5,6,0,1,0,0
610164127812,5,2,-2,24,3,7,3,0
610164136130,33,6,1,22,6,4,2,1
610164136130,-10,-3,0,-20,-7,-4,-8,-3
610164158483,-16,-15,0,-23,-2,-9,2,-6
610164158483,-10,-6,-3,-28,-9,1,-2,2
610164160067,53,6,2,41,2,-8,-4,-4
610164160067,-36,-4,1,-27,-3,2,0,-2
610164181024,21,7,0,17,0,-21,0,-3
610164181024,6,0,-5,-12,4,-7,-3,-4
610164182621,-26,-6,-12,-36,1,-5,-1,-5
610164182621,8,-7,-6,-4,0,-1,-4,-4
610164202845,1,-5,-5,-15,1,10,-3,0
610164202845,50,10,-5,54,10,-6,0,-3
610164209623,-27,0,-5,-24,5,-1,2,-1
610164209623,-3,-7,-7,-30,-1,-5,0,-5
610164234180,-4,1,-3,7,1,2,-1,-3
610164234180,-41,-3,-3,-38,0,-5,-5,-1
610164236626,-16,-3,1,-6,2,1,-5,0
610164236626,-52,-6,-7,-52,-12,-6,-6,0
610164255964,-2,4,2,15,-6,-5,1,2
610164255964,-46,-5,2,-18,-8,0,-3,-1
610164257635,-14,0,0,-1,-4,16,-1,1
610164257635,-6,7,6,7,2,-5,2,1
610164277823,-26,-6,6,-31,-6,-1,-2,-2
610164277823,-12,-2,3,-3,0,-4,-2,2
610164292164,-12,2,-1,-12,-1,-7,-2,-3
610164292164,39,13,4,40,6,2,0,-3
610164299672,7,2,3,1,1,1,0,0
610164299672,-57,-20,-5,-64,-5,-6,-6,-5
610164308653,14,-5,-7,0,-1,0,2,-1
610164308653,29,-7,-2,16,2,2,-2,1
610164331734,10,-4,-6,6,0,2,1,0
610164331734,39,1,-6,31,5,-2,1,1
610164333297,41,4,-5,50,0,-1,0,4
610164333297,42,4,0,41,3,3,-1,-3
610164353476,5,1,1,-7,3,-2,3,1
610164353476,9,6,0,19,4,0,-5,-2
610164355097,-15,-7,1,-18,-4,-4,-4,-5
610164355097,-33,-1,0,-20,-1,-3,0,-1
610164374639,-24,-5,4,-21,-5,5,-1,-4
610164374639,1,1,4,1,-6,-1,0,3
610164383618,-12,4,4,4,-6,-2,1,-3
610164383618,-12,1,1,0,1,3,-2,2
610164405984,47,6,3,59,0,2,0,3
610164405984,42,17,-1,56,2,4,4,-4
610164407562,20,4,-3,23,4,-2,-1,3
610164407562,-3,-7,1,0,-5,2,0,1
610164428531,-15,-2,-13,-23,1,-4,1,-3
610164428531,9,0,4,3,4,-2,-6,-4
610164430123,-6,-9,-3,-25,0,-5,-3,0
610164430123,2,-1,-9,-11,0,-8,-1,-2
610164451054,28,0,-3,15,-4,1,-2,-3
610164451054,19,6,1,28,0,2,-6,-1
610164457115,37,8,-2,38,-1,-1,1,-2
610164457115,7,1,1,20,-3,-4,-1,0
610164480958,-21,1,10,-8,1,2,-2,-3
610164480958,-30,-11,1,-24,0,-13,-1,-3
610164482561,8,8,7,13,-5,-2,4,-2
610164482561,30,11,14,37,3,-3,-3,0
610164503521,-14,-5,-7,-14,0,-1,-3,2
610164503521,20,-8,0,-4,-1,0,2,4
610164505084,0,-3,-3,-17,2,0,-1,2
610164505084,-6,-2,-8,-16,2,7,2,-3
610164525955,5,-4,-4,15,2,-8,2,-2
610164525955,-22,-10,-11,-43,-5,8,5,-1
610164527595,18,-4,3,22,2,-6,-7,4
610164527595,-6,-1,-2,-19,1,1,-1,-2
610164547867,16,8,1,10,2,-1,-6,-1
610164547867,-18,4,-5,-22,-5,-8,-5,-1
610164556147,-3,4,-6,8,1,2,3,-4
610164556147,-14,6,3,-5,-2,-6,0,-1
610164578515,-22,-2,0,-12,-7,-5,-5,2
610164578515,-3,1,1,7,-5,-1,4,2
610164580090,-22,-10,-1,-8,-8,6,-1,-4
610164580090,-60,-17,-11,-61,-4,1,-1,1
